word_1.png,0,0,86,0,88,13,1,13
word_2.png,0,0,26,0,26,16,0,16
word_3.png,0,0,59,0,59,19,0,19
word_4.png,0,0,46,0,46,14,0,14
word_5.png,0,0,33,2,32,24,0,23
word_6.png,0,0,58,10,58,54,4,51
word_7.png,0,9,133,0,136,43,3,52
word_8.png,0,0,90,8,91,45,1,46
word_9.png,0,0,95,2,96,23,2,21
word_10.png,0,2,52,0,52,13,0,15
word_11.png,0,6,51,0,54,24,3,30
word_12.png,2,3,50,0,48,16,0,19
word_13.png,0,0,55,3,49,33,0,28
word_14.png,1,2,48,0,43,37,0,35
word_15.png,0,1,50,0,51,31,3,29
word_16.png,0,0,130,4,126,39,0,32
word_17.png,2,0,42,1,39,22,0,21
word_18.png,0,0,155,11,168,80,8,63
word_19.png,0,0,129,2,128,23,2,19
word_20.png,0,0,36,1,37,18,3,18
word_21.png,0,0,48,3,50,26,2,24
word_22.png,0,0,50,5,53,28,3,24
word_23.png,0,0,61,4,64,26,3,22
word_24.png,0,0,53,5,54,25,0,20
word_25.png,0,0,44,6,45,32,1,27
word_26.png,0,0,59,7,60,30,1,23
word_27.png,0,0,43,5,43,23,0,19
word_28.png,0,0,51,3,51,32,5,28
word_29.png,0,0,75,3,79,23,4,20
word_30.png,0,0,48,1,53,18,5,17
word_31.png,0,0,26,1,29,17,3,16
word_32.png,0,0,35,0,38,22,3,22
word_33.png,0,0,27,1,29,16,3,15
word_34.png,0,3,72,0,77,32,5,35
word_35.png,0,2,32,0,37,23,5,24
word_36.png,0,13,70,0,74,27,4,41
word_37.png,0,0,56,2,58,25,3,24
word_38.png,0,0,76,5,77,31,1,27
word_39.png,0,18,88,0,90,50,2,68
word_40.png,0,0,27,0,27,15,0,14
word_41.png,0,0,25,0,25,15,0,14
word_42.png,0,0,24,0,24,15,0,15
word_43.png,0,6,39,0,39,13,1,18
word_44.png,0,8,49,0,50,12,1,20
word_45.png,0,0,110,3,111,37,1,33
word_46.png,1,0,109,0,109,32,0,32
word_47.png,0,4,144,0,145,32,1,36
word_48.png,0,0,84,0,84,21,0,21
word_49.png,1,2,66,0,65,20,0,22
word_50.png,1,1,43,0,43,19,0,20
word_51.png,1,0,143,6,142,36,0,30
word_52.png,0,4,45,0,47,13,1,17
word_53.png,0,2,31,0,33,15,1,17
word_54.png,0,0,22,0,23,12,1,13
word_55.png,0,1,23,0,25,14,2,15
word_56.png,0,2,21,0,23,13,2,16
word_57.png,0,0,30,6,30,36,0,30
word_58.png,0,2,25,0,26,15,2,17
word_59.png,0,1,27,0,27,15,0,16
word_60.png,0,3,36,0,38,15,1,16
word_61.png,0,3,56,0,57,14,1,17
word_62.png,0,6,59,0,61,16,2,22
word_63.png,0,1,24,0,25,14,1,15
word_64.png,0,5,64,0,65,15,0,20
word_65.png,0,1,38,0,39,15,1,16
word_66.png,1,0,34,9,33,25,0,16
word_67.png,9,57,179,0,170,91,0,149
word_68.png,23,13,229,0,207,138,0,152
word_69.png,14,0,159,1,145,85,0,84
word_70.png,12,1,81,0,69,71,0,72
word_71.png,0,3,43,0,44,16,1,19
word_72.png,0,2,62,0,62,24,0,25
word_73.png,0,8,23,0,32,29,9,38
word_74.png,0,21,58,0,70,34,12,55
word_75.png,0,26,41,0,56,43,15,60
word_76.png,0,21,47,0,57,33,11,54
word_77.png,0,10,58,0,62,22,5,31
word_78.png,0,10,49,0,54,20,4,30
word_79.png,0,11,61,0,66,19,5,31
word_80.png,0,9,47,0,52,19,5,28
word_81.png,0,22,98,0,103,17,4,40
word_82.png,0,0,40,1,44,19,3,19
word_83.png,0,0,50,0,53,20,2,20
word_84.png,0,17,71,0,77,25,7,42
word_85.png,0,3,19,0,20,10,0,15
word_86.png,0,1,70,0,71,9,2,10
word_87.png,0,0,33,0,37,18,4,19
word_88.png,0,8,34,0,37,15,3,23
word_89.png,0,36,81,0,87,45,7,80
word_90.png,0,18,47,0,50,21,3,43
word_91.png,0,30,72,0,76,19,5,55
word_92.png,0,13,55,0,57,13,2,26
word_93.png,0,10,43,0,45,13,3,23
word_94.png,0,5,21,0,23,13,2,17
word_95.png,0,1,20,0,21,15,1,16
word_96.png,0,3,24,0,26,19,2,21
word_97.png,0,0,25,0,27,21,2,22
word_98.png,0,5,62,0,62,26,0,31
word_99.png,0,8,85,0,85,28,0,36
word_100.png,0,6,87,0,88,25,0,31
word_101.png,0,2,89,0,94,32,5,35
word_102.png,42,0,430,14,387,105,0,91
word_103.png,1,0,218,34,216,102,0,68
word_104.png,0,0,166,26,170,97,4,70
word_105.png,0,14,117,0,121,29,3,46
word_106.png,0,14,101,0,107,33,3,48
word_107.png,0,4,29,0,30,11,1,15
word_108.png,0,4,27,0,28,11,3,15
word_109.png,0,5,47,0,48,15,0,21
word_110.png,0,4,37,0,39,13,1,17
word_111.png,0,3,32,0,34,14,0,17
word_112.png,0,10,87,0,89,18,2,27
word_113.png,0,7,65,0,67,18,2,26
word_114.png,0,6,63,0,65,19,2,25
word_115.png,3,9,147,0,143,54,0,53
word_116.png,0,0,33,0,36,25,4,26
word_117.png,0,5,80,0,85,27,2,33
word_118.png,0,5,64,0,69,32,3,37
word_119.png,0,4,49,0,50,24,2,28
word_120.png,0,3,45,0,48,29,4,32
word_121.png,0,5,69,0,74,28,4,34
word_122.png,0,8,114,0,119,27,3,36
word_123.png,0,6,79,0,85,27,5,34
word_124.png,0,4,45,0,48,23,3,26
word_125.png,0,4,49,0,54,23,3,26
word_126.png,0,4,48,0,52,22,4,26
word_127.png,0,3,31,0,34,23,3,26
word_128.png,0,3,43,0,48,18,4,21
word_129.png,0,5,45,0,53,41,8,45
word_130.png,0,60,202,0,219,55,14,119
word_131.png,0,33,108,0,113,20,4,53
word_132.png,0,6,41,0,44,17,3,22
word_133.png,0,5,73,0,73,13,0,18
word_134.png,5,0,52,3,47,16,0,13
word_135.png,5,0,46,5,42,20,0,15
word_136.png,0,108,287,0,322,58,48,205
word_137.png,0,27,78,0,102,45,34,80
word_138.png,0,2,34,0,36,20,1,22
word_139.png,0,8,97,0,100,24,4,32
word_140.png,1,1,99,0,107,48,0,62
word_141.png,0,0,69,0,76,40,5,47
word_142.png,1,14,109,0,106,40,0,56
word_143.png,0,3,32,0,37,20,5,24
word_144.png,0,0,53,15,54,51,2,34
word_145.png,0,0,87,22,90,63,4,36
word_146.png,0,0,140,33,140,79,0,39
word_147.png,0,0,84,26,84,69,2,36
word_148.png,0,0,125,29,127,81,1,43
word_149.png,3,0,43,2,40,20,0,19
word_150.png,2,0,55,3,53,22,0,19
word_151.png,3,0,37,3,34,19,0,18
word_152.png,4,0,31,3,26,19,0,16
word_153.png,3,0,22,3,19,17,0,15
word_154.png,2,0,27,3,25,19,0,20
word_155.png,0,0,54,3,53,21,0,18
word_156.png,3,0,36,1,33,17,0,16
word_157.png,2,0,36,2,34,18,0,16
word_158.png,4,0,37,2,33,19,0,17
word_159.png,3,0,61,1,58,21,0,20
word_160.png,2,0,41,2,39,18,0,17
word_161.png,3,0,31,0,28,21,0,21
word_162.png,3,1,85,0,82,23,0,23
word_163.png,4,0,41,1,38,18,0,18
word_164.png,2,0,29,1,27,14,0,14
word_165.png,0,9,51,0,52,18,1,26
word_166.png,10,0,71,6,62,29,0,23
word_167.png,12,0,50,5,38,26,0,21
word_168.png,8,0,107,8,99,31,0,23
word_169.png,2,1,118,0,115,18,0,18
word_170.png,0,2,156,0,165,72,6,99
word_171.png,0,0,91,0,99,54,9,70
word_172.png,8,22,152,0,146,57,0,90
word_173.png,1,1,30,0,29,12,0,13
word_174.png,0,2,53,0,53,16,0,17
word_175.png,2,0,39,1,38,17,0,17
word_176.png,0,6,56,0,57,15,1,21
word_177.png,0,0,99,63,104,112,2,58
word_178.png,0,0,100,46,103,78,0,37
word_179.png,0,0,100,51,103,90,2,44
word_180.png,2,0,54,6,52,18,0,11
word_181.png,2,0,70,8,68,21,0,14
word_182.png,2,0,96,12,93,30,0,19
word_183.png,3,0,98,8,95,24,0,12
word_184.png,4,0,115,10,107,35,0,23
word_185.png,6,0,91,12,85,37,0,25
word_186.png,0,0,116,11,123,36,0,23
word_187.png,0,0,56,6,57,17,1,11
word_188.png,0,0,59,6,58,26,0,19
word_189.png,0,0,58,7,57,16,0,8
word_190.png,1,0,152,14,151,41,0,26
word_191.png,0,0,152,18,151,41,0,23
word_192.png,0,0,150,14,149,27,0,12
word_193.png,0,9,35,0,35,47,0,54
word_194.png,0,6,49,0,50,45,1,51
word_195.png,1,0,49,2,48,17,0,16
word_196.png,1,0,61,3,59,20,0,17
word_197.png,0,0,55,3,56,18,1,15
word_198.png,0,0,44,8,45,19,1,11
word_199.png,0,0,99,18,99,34,0,17
word_200.png,0,0,59,8,59,23,0,15
word_201.png,3,0,26,2,23,20,0,17
word_202.png,4,0,35,5,32,24,0,20
word_203.png,2,32,44,0,44,50,0,89
word_204.png,3,32,51,0,49,42,0,83
word_205.png,4,55,156,0,150,86,0,180
word_206.png,5,13,187,0,183,69,0,129
word_207.png,3,0,41,4,37,25,0,22
word_208.png,3,0,27,3,23,19,0,16
word_209.png,1,0,45,1,45,16,0,14
word_210.png,1,0,111,5,110,24,0,19
word_211.png,0,2,29,0,29,9,0,11
word_212.png,0,2,46,0,46,10,0,12
word_213.png,0,1,18,0,19,11,1,12
word_214.png,2,1,25,0,24,12,0,13
word_215.png,1,4,44,0,43,11,0,15
word_216.png,0,3,36,0,36,10,0,13
word_217.png,0,2,20,0,22,11,2,13
word_218.png,0,2,34,0,34,10,0,12
word_219.png,0,4,29,0,29,9,0,13
word_220.png,0,2,22,0,22,10,0,12
word_221.png,3,0,113,26,110,43,0,17
word_222.png,11,0,43,17,32,30,0,13
word_223.png,1,2,35,0,34,19,0,21
word_224.png,1,0,53,9,53,28,0,19
word_225.png,1,0,84,16,84,50,0,34
word_226.png,0,0,68,14,68,39,0,26
word_227.png,0,0,38,9,37,27,0,18
word_228.png,0,0,85,13,85,38,0,25
word_229.png,0,0,40,7,39,36,0,29
word_230.png,0,0,108,10,108,32,0,22
word_231.png,2,0,58,10,57,22,0,12
word_232.png,1,0,72,13,71,26,0,13
word_233.png,0,5,74,0,75,15,1,20
word_234.png,0,3,60,0,62,18,1,22
word_235.png,4,12,62,0,58,36,0,48
word_236.png,2,16,76,0,76,36,0,50
word_237.png,4,17,74,0,72,43,0,57
word_238.png,10,6,105,0,95,77,0,83
word_239.png,5,7,100,0,95,68,0,75
word_240.png,0,0,57,1,57,24,0,23
word_241.png,0,0,38,2,39,21,0,19
word_242.png,0,0,47,2,47,21,0,19
word_243.png,2,1,42,0,40,27,0,28
word_244.png,1,0,43,1,42,21,0,20
word_245.png,0,0,55,0,55,23,0,23
word_246.png,0,0,31,0,31,23,0,23
word_247.png,0,0,76,0,76,29,0,29
word_248.png,0,1,77,0,77,28,0,28
word_249.png,0,52,109,0,121,26,12,78
word_250.png,0,43,92,0,103,27,11,70
word_251.png,0,0,202,5,204,37,2,32
word_252.png,0,0,83,1,86,34,3,32
word_253.png,0,2,216,0,218,34,2,36
word_254.png,0,0,74,0,77,32,3,33
word_255.png,0,0,181,0,183,33,2,32
word_256.png,0,4,123,0,124,33,2,36
word_257.png,0,0,157,3,160,34,3,32
word_258.png,0,0,133,3,136,33,3,30
word_259.png,0,0,47,1,47,16,0,15
word_260.png,0,3,108,0,109,14,2,17
word_261.png,0,2,73,0,75,14,2,15
word_262.png,0,0,49,0,50,13,1,14
word_263.png,0,0,33,1,34,14,0,14
word_264.png,0,1,57,0,58,18,1,19
word_265.png,0,0,28,0,29,15,1,15
word_266.png,0,0,27,2,29,17,2,16
word_267.png,0,0,63,1,65,14,0,13
word_268.png,0,0,65,1,65,21,1,18
word_269.png,0,0,51,2,53,17,2,15
word_270.png,4,0,72,9,68,44,0,34
word_271.png,0,0,29,4,29,20,0,17
word_272.png,3,0,46,0,44,22,0,22
word_273.png,0,0,58,0,58,23,0,23
word_274.png,0,0,30,5,32,54,2,48
word_275.png,0,0,37,4,40,60,2,50
word_276.png,0,0,41,4,39,62,1,54
word_277.png,0,0,88,3,89,82,2,60
word_278.png,0,104,153,0,159,70,6,150
word_279.png,0,54,80,0,88,72,4,114
word_280.png,0,0,165,4,170,40,6,52
word_281.png,0,2,46,0,48,18,2,21
word_282.png,0,12,169,0,175,40,6,51
word_283.png,0,3,104,0,106,29,1,32
word_284.png,0,3,136,0,138,30,3,33
word_285.png,0,0,40,0,40,17,0,17
word_286.png,0,0,29,1,29,15,0,14
word_287.png,2,0,30,2,28,16,0,14
word_288.png,2,0,40,3,39,15,0,12
word_289.png,1,0,40,3,39,17,0,14
word_290.png,0,0,20,10,20,24,1,16
word_291.png,1,0,22,11,20,26,0,14
word_292.png,0,6,36,0,38,17,3,23
word_293.png,0,15,80,0,86,26,7,41
word_294.png,0,0,134,6,134,35,0,28
word_295.png,0,0,35,0,35,17,0,17
word_296.png,0,1,74,0,74,18,1,19
word_297.png,0,9,32,0,35,12,3,21
word_298.png,0,40,205,0,224,67,19,107
word_299.png,0,35,218,0,238,69,19,103
word_300.png,0,20,66,0,74,27,8,47
word_301.png,0,0,74,1,77,18,3,17
word_302.png,0,26,110,0,116,19,8,55
word_303.png,0,27,43,0,46,32,2,57
word_304.png,0,25,52,0,55,44,2,65
word_305.png,0,26,52,0,57,50,4,68
word_306.png,0,23,58,0,63,66,3,78
word_307.png,0,0,27,14,26,35,0,22
word_308.png,0,11,40,0,41,20,0,30
word_309.png,0,12,54,0,57,19,3,30
word_310.png,0,5,20,0,22,19,1,23
word_311.png,0,10,49,0,51,19,2,30
word_312.png,0,12,65,0,68,22,2,34
word_313.png,0,9,32,0,36,19,4,28
word_314.png,0,7,25,0,28,15,3,22
word_315.png,0,14,18,0,28,103,10,116
word_316.png,0,5,21,0,31,109,13,117
word_317.png,0,60,103,0,127,69,6,129
word_318.png,1,0,48,2,48,30,0,29
word_319.png,0,3,50,0,52,27,2,29
word_320.png,0,2,54,0,56,24,2,26
word_321.png,0,2,44,0,44,23,1,24
word_322.png,1,0,43,27,43,60,0,27
word_323.png,2,0,89,57,89,104,0,38
word_324.png,2,0,82,59,82,84,0,26
word_325.png,0,0,147,53,148,102,1,34
word_326.png,4,0,53,42,50,61,0,21
word_327.png,4,0,101,85,73,84,0,23
word_328.png,3,0,44,19,42,39,0,19
word_329.png,0,2,56,0,57,16,1,18
word_330.png,0,5,70,0,71,19,1,23
word_331.png,1,0,50,9,49,22,0,13
word_332.png,0,51,38,0,66,15,29,63
word_333.png,0,68,49,0,82,13,35,83
word_334.png,0,90,41,0,72,6,27,96
word_335.png,5,0,67,12,63,23,0,10
word_336.png,0,0,20,4,31,48,11,45
word_337.png,0,65,34,0,58,6,25,71
word_338.png,1,0,57,12,57,23,0,11
word_339.png,1,0,61,12,60,25,0,13
word_340.png,0,9,45,0,48,8,2,18
word_341.png,0,31,156,0,164,28,7,59
word_342.png,0,25,73,0,79,20,5,45
word_343.png,0,19,60,0,66,19,6,37
word_344.png,0,14,52,0,56,18,4,31
word_345.png,0,9,42,0,48,15,5,24
word_346.png,0,11,38,0,41,14,2,25
word_347.png,1,6,29,0,36,13,0,21
word_348.png,0,13,49,0,54,11,3,22
word_349.png,0,7,31,0,33,12,1,20
word_350.png,0,13,57,0,61,9,4,22
word_351.png,0,5,20,0,24,13,5,18
word_352.png,0,8,34,0,37,11,3,19
word_353.png,0,7,35,0,36,11,1,18
word_354.png,0,6,26,0,28,12,2,18
word_355.png,0,7,23,0,26,14,2,21
word_356.png,0,8,49,0,49,9,2,18
word_357.png,0,8,44,0,46,10,2,18
word_358.png,0,4,21,0,23,14,2,18
word_359.png,0,5,21,0,25,11,4,16
word_360.png,0,14,59,0,63,13,5,27
word_361.png,0,8,36,0,37,11,2,19
word_362.png,0,11,51,0,55,11,5,22
word_363.png,0,16,67,0,71,10,4,26
word_364.png,0,12,49,0,51,12,2,24
word_365.png,0,9,37,0,40,11,3,19
word_366.png,0,23,114,0,119,28,4,50
word_367.png,0,15,61,0,63,11,2,26
word_368.png,0,8,38,0,39,11,1,19
word_369.png,0,9,39,0,40,10,2,19
word_370.png,0,14,55,0,57,11,2,25
word_371.png,0,9,41,0,42,12,1,20
word_372.png,0,8,33,0,37,12,4,20
word_373.png,0,31,121,0,122,14,6,42
word_374.png,0,7,33,0,36,11,3,18
word_375.png,0,16,70,0,76,12,6,27
word_376.png,0,12,48,0,52,10,4,22
word_377.png,0,10,41,0,44,9,3,20
word_378.png,0,10,33,0,38,10,5,20
word_379.png,0,5,22,0,23,11,2,16
word_380.png,0,11,43,0,46,10,3,21
word_381.png,0,7,31,0,33,11,2,18
word_382.png,0,10,39,0,39,9,0,18
word_383.png,4,0,226,10,222,62,0,52
word_384.png,6,0,290,16,284,62,0,46
word_385.png,1,0,51,1,50,34,0,33
word_386.png,0,44,158,0,171,56,11,97
word_387.png,0,33,145,0,158,51,15,81
word_388.png,0,46,194,0,207,51,13,97
word_389.png,0,26,109,0,117,28,7,54
word_390.png,0,27,103,0,111,28,7,54
word_391.png,0,21,82,0,90,25,8,46
word_392.png,0,21,83,0,89,25,7,45
word_393.png,0,0,93,0,94,16,1,17
word_394.png,0,3,100,0,101,14,2,17
word_395.png,0,2,75,0,78,13,2,15
word_396.png,0,3,53,0,57,17,4,20
word_397.png,0,5,89,0,92,17,3,22
word_398.png,0,4,60,0,63,16,3,20
word_399.png,0,15,221,0,229,33,8,48
word_400.png,0,5,54,0,56,15,2,20
word_401.png,0,3,53,0,56,15,3,18
word_402.png,0,6,38,0,43,13,6,19
word_403.png,0,1,41,0,42,8,0,10
word_404.png,0,0,32,0,32,6,1,8
word_405.png,0,2,22,0,24,8,1,10
word_406.png,0,4,60,0,61,7,0,11
word_407.png,0,5,72,0,74,8,1,13
word_408.png,8,40,177,0,169,35,0,75
word_409.png,5,0,54,9,49,38,0,29
word_410.png,2,6,39,0,37,28,0,35
word_411.png,0,18,126,0,123,44,1,58
word_412.png,1,4,49,0,48,18,0,21
word_413.png,0,5,66,0,66,21,0,26
word_414.png,2,3,66,0,64,19,0,22
word_415.png,0,10,61,0,62,26,1,36
word_416.png,0,5,93,0,97,55,4,59
word_417.png,0,3,61,0,62,23,0,20
word_418.png,1,0,61,2,61,24,0,21
word_419.png,0,10,72,0,72,27,1,37
word_420.png,0,2,86,0,86,22,0,24
word_421.png,0,2,64,0,64,24,0,26
word_422.png,0,3,51,0,53,29,2,32
word_423.png,0,11,41,0,46,17,5,29
word_424.png,0,7,30,0,32,14,2,21
word_425.png,0,10,18,0,25,10,7,19
word_426.png,32,0,71,182,39,191,0,9
word_427.png,0,7,36,0,56,89,20,97
word_428.png,0,8,34,0,56,99,22,107
word_429.png,0,18,52,0,60,23,8,41
word_430.png,0,26,77,0,81,13,4,39
word_431.png,0,11,37,0,42,12,5,23
word_432.png,0,35,35,0,46,55,12,89
word_433.png,0,0,97,26,108,63,11,37
word_434.png,0,0,63,16,66,38,3,23
word_435.png,0,0,122,40,135,82,13,42
word_436.png,0,0,74,17,78,37,3,20
word_437.png,7,0,58,5,51,15,0,10
word_438.png,0,43,145,0,156,36,11,79
word_439.png,0,34,84,0,92,23,8,57
word_440.png,0,20,57,0,64,19,7,40
word_441.png,0,18,41,0,50,31,9,50
word_442.png,0,119,191,0,212,65,20,185
word_443.png,0,20,130,0,137,24,7,44
word_444.png,0,32,182,0,188,24,6,55
word_445.png,0,50,116,0,152,83,3,122
word_446.png,0,4,28,0,33,12,2,15
word_447.png,16,0,50,90,36,100,0,12
word_448.png,0,0,59,47,59,78,1,31
word_449.png,2,0,52,32,50,64,0,32
word_450.png,0,0,160,119,160,159,0,39
word_451.png,0,0,28,22,27,49,0,26
word_452.png,0,0,34,29,34,64,0,34
word_453.png,1,0,67,56,66,90,0,34
word_454.png,2,0,107,89,105,128,0,39
word_455.png,0,9,72,0,81,34,10,43
word_456.png,0,0,50,5,50,26,0,21
word_457.png,0,11,54,0,56,13,2,24
word_458.png,0,0,74,10,74,33,0,22
word_459.png,0,7,38,0,37,15,8,20
word_460.png,0,17,97,0,99,32,3,48
word_461.png,0,17,85,0,85,17,0,34
word_462.png,0,14,67,0,68,16,0,29
word_463.png,0,15,86,0,87,16,1,31
word_464.png,0,9,43,0,46,18,3,28
word_465.png,0,22,131,0,139,38,8,59
word_466.png,0,9,37,0,39,12,3,21
word_467.png,0,14,60,0,62,14,1,28
word_468.png,0,0,31,3,35,27,3,24
word_469.png,0,6,49,0,51,17,3,23
word_470.png,0,3,38,0,42,16,4,20
word_471.png,0,16,58,0,60,12,3,28
word_472.png,0,0,18,0,21,20,3,19
word_473.png,0,15,79,0,81,25,1,40
word_474.png,0,14,85,0,88,14,3,29
word_475.png,0,13,80,0,81,15,1,28
word_476.png,0,5,22,0,36,63,14,68
word_477.png,0,4,21,0,33,67,12,71
word_478.png,16,0,21,30,5,35,0,6
word_479.png,0,5,20,0,34,66,13,70
word_480.png,0,3,17,0,27,43,10,47
word_481.png,0,6,15,0,26,55,10,60
word_482.png,0,3,19,0,29,43,10,46
word_483.png,0,7,77,0,83,31,6,39
word_484.png,0,7,65,0,68,34,3,41
word_485.png,0,3,13,0,17,27,4,29
word_486.png,0,3,15,0,25,41,10,43
word_487.png,0,1,12,0,18,25,7,26
word_488.png,0,2,16,0,28,43,12,46
word_489.png,0,3,13,0,20,34,8,36
word_490.png,0,1,13,0,18,25,5,26
word_491.png,0,3,22,0,37,60,14,63
word_492.png,0,5,22,0,38,58,16,63
word_493.png,0,4,19,0,35,66,16,70
word_494.png,0,4,18,0,33,66,14,70
word_495.png,0,0,43,0,46,19,4,19
word_496.png,0,6,17,0,27,38,10,43
word_497.png,0,6,141,0,141,31,0,37
word_498.png,0,1,66,0,66,24,0,25
word_499.png,0,0,38,1,38,26,0,26
word_500.png,0,0,62,0,63,28,1,28
word_501.png,0,0,215,0,215,21,0,29
word_502.png,0,11,70,0,72,24,2,35
word_503.png,0,6,47,0,48,10,1,17
word_504.png,0,19,33,0,44,20,11,39
word_505.png,0,28,92,0,97,18,6,46
word_506.png,0,44,145,0,154,27,9,71
word_507.png,0,0,99,22,103,39,4,17
word_508.png,0,0,78,17,83,43,5,26
word_509.png,0,0,100,24,105,39,4,15
word_510.png,0,0,71,18,73,32,3,14
word_511.png,5,0,31,8,27,20,0,12
word_512.png,3,0,33,10,30,21,0,12
word_513.png,0,0,46,13,46,25,0,12
word_514.png,6,0,91,22,85,35,0,13
word_515.png,8,0,96,25,89,37,0,12
word_516.png,7,0,97,24,89,36,0,12
word_517.png,4,0,56,11,52,26,0,14
word_518.png,2,0,27,7,26,15,0,9
word_519.png,0,15,18,0,43,2,8,29
word_520.png,0,29,33,0,48,3,9,35
word_521.png,0,0,81,21,81,32,0,11
word_522.png,3,0,69,17,67,29,0,11
word_523.png,1,0,96,4,95,33,0,28
word_524.png,0,6,41,0,47,30,6,35
word_525.png,0,6,30,0,35,19,5,25
word_526.png,0,12,23,0,29,18,6,30
word_527.png,0,12,45,0,50,16,5,28
word_528.png,0,1,29,0,29,28,1,29
word_529.png,0,6,58,0,59,28,1,34
word_530.png,0,9,20,0,23,14,0,21
word_531.png,0,0,34,0,33,15,1,13
word_532.png,0,78,214,0,245,91,30,168
word_533.png,0,62,181,0,207,77,26,138
word_534.png,0,102,276,0,294,72,17,174
word_535.png,0,20,127,0,133,25,6,45
word_536.png,0,96,153,0,178,40,26,136
word_537.png,0,10,32,0,36,13,3,22
word_538.png,0,1,55,0,56,16,0,18
word_539.png,0,1,36,0,37,18,1,18
word_540.png,0,1,31,0,31,17,0,18
word_541.png,0,1,84,0,84,19,0,20
word_542.png,0,10,55,0,56,17,1,27
word_543.png,0,16,54,0,59,12,5,29
word_544.png,0,22,75,0,78,38,4,60
word_545.png,0,11,42,0,46,35,4,47
word_546.png,0,0,41,1,41,11,0,11
word_547.png,0,0,60,0,60,13,0,13
word_548.png,1,0,32,0,32,12,0,11
word_549.png,0,0,73,2,73,14,0,12
word_550.png,0,0,65,3,65,13,0,9
word_551.png,0,0,41,1,41,11,0,10
word_552.png,1,0,34,1,33,12,0,11
word_553.png,0,0,39,1,39,11,0,10
word_554.png,0,0,59,2,59,13,0,11
word_555.png,0,0,41,2,40,13,0,11
word_556.png,1,0,27,1,26,13,0,12
word_557.png,0,0,30,1,30,14,0,13
word_558.png,1,0,44,0,43,12,0,12
word_559.png,1,0,42,0,41,12,0,12
word_560.png,0,0,35,0,34,11,0,11
word_561.png,1,0,28,0,28,12,0,12
word_562.png,0,0,42,1,42,16,0,15
word_563.png,0,0,30,0,30,15,0,15
word_564.png,0,0,43,0,43,14,0,14
word_565.png,0,0,41,0,41,15,0,15
word_566.png,1,0,87,0,86,23,0,23
word_567.png,0,0,56,11,57,39,0,28
word_568.png,0,0,79,21,79,61,0,40
word_569.png,0,0,106,9,107,28,2,19
word_570.png,0,0,60,5,60,19,1,14
word_571.png,0,0,78,7,79,19,0,14
word_572.png,0,37,268,0,272,54,5,92
word_573.png,0,11,65,0,72,35,7,46
word_574.png,0,13,38,0,48,25,10,37
word_575.png,0,14,52,0,62,23,11,37
word_576.png,0,31,85,0,93,19,8,50
word_577.png,0,2,21,0,26,19,5,22
word_578.png,0,0,121,5,125,28,4,23
word_579.png,0,13,76,0,77,30,0,50
word_580.png,0,7,27,0,27,27,0,34
word_581.png,0,4,46,0,47,19,0,31
word_582.png,1,11,56,0,56,38,0,54
word_583.png,2,0,264,29,263,109,0,135
word_584.png,0,10,128,0,128,18,0,28
word_585.png,0,6,100,0,101,27,1,33
word_586.png,0,3,81,0,81,17,1,20
word_587.png,1,0,133,21,132,79,0,58
word_588.png,0,0,121,1,123,21,2,20
word_589.png,0,1,38,0,39,17,1,18
word_590.png,0,1,59,0,60,14,1,15
word_591.png,0,0,41,0,44,14,2,13
word_592.png,0,2,64,0,65,16,1,17
word_593.png,0,1,37,0,37,15,0,16
word_594.png,0,15,77,0,85,32,8,48
word_595.png,0,21,84,0,94,51,10,73
word_596.png,0,17,81,0,87,39,7,56
word_597.png,0,0,60,10,62,39,2,29
word_598.png,0,6,91,0,95,37,4,44
word_599.png,0,0,33,2,33,16,0,14
word_600.png,0,3,58,0,57,27,0,30
word_601.png,1,0,40,7,39,40,0,33
word_602.png,0,0,64,7,64,33,0,27
word_603.png,10,0,91,16,81,42,0,27
word_604.png,2,0,47,8,45,22,0,13
word_605.png,6,0,49,7,44,22,0,15
word_606.png,8,0,79,11,71,31,0,19
word_607.png,3,0,80,20,77,41,0,21
word_608.png,5,0,98,25,93,42,0,17
word_609.png,2,0,28,3,27,16,0,13
word_610.png,2,0,52,7,50,17,0,10
word_611.png,0,0,52,15,51,28,0,16
word_612.png,3,0,74,20,72,36,0,16
word_613.png,0,0,49,1,50,16,1,15
word_614.png,0,0,46,14,46,22,0,9
word_615.png,12,0,100,30,87,49,0,19
word_616.png,0,2,42,0,42,18,0,20
word_617.png,0,9,65,0,66,18,1,26
word_618.png,0,6,46,0,46,15,0,20
word_619.png,0,5,31,0,32,13,1,18
word_620.png,2,0,47,10,46,26,0,16
word_621.png,0,8,45,0,51,27,6,36
word_622.png,0,36,99,0,105,38,6,74
word_623.png,0,1,57,0,58,21,1,21
word_624.png,0,2,28,0,30,14,1,16
word_625.png,1,5,42,0,40,22,0,26
word_626.png,0,5,68,0,68,15,0,20
word_627.png,1,6,52,0,52,15,0,21
word_628.png,0,5,39,0,39,17,0,22
word_629.png,0,3,28,0,29,15,1,18
word_630.png,0,7,56,0,57,17,1,24
word_631.png,0,4,36,0,36,15,1,18
word_632.png,0,14,98,0,100,23,3,37
word_633.png,0,5,42,0,43,17,1,22
word_634.png,1,6,66,0,65,15,0,21
word_635.png,0,5,48,0,49,16,1,21
word_636.png,0,4,43,0,43,20,1,24
word_637.png,0,5,56,0,56,16,0,21
word_638.png,1,4,45,0,45,21,0,26
word_639.png,0,1,32,0,32,16,0,17
word_640.png,0,3,35,0,36,18,1,20
word_641.png,0,3,49,0,49,16,0,19
word_642.png,0,3,43,0,44,15,0,18
word_643.png,0,2,27,0,27,16,0,18
word_644.png,0,2,35,0,36,15,0,17
word_645.png,0,2,35,0,35,17,0,18
word_646.png,0,3,58,0,58,16,0,20
word_647.png,0,2,35,0,35,19,0,21
word_648.png,0,4,53,0,54,16,1,20
word_649.png,0,1,40,0,40,15,1,17
word_650.png,0,1,42,0,43,18,2,20
word_651.png,0,41,124,0,157,40,10,87
word_652.png,0,35,111,0,161,27,35,70
word_653.png,0,12,39,0,39,18,0,31
word_654.png,3,0,61,6,58,34,0,28
word_655.png,1,0,65,1,64,24,0,24
word_656.png,0,9,29,0,30,16,2,25
word_657.png,1,0,97,3,96,29,0,26
word_658.png,0,14,47,0,48,21,0,35
word_659.png,0,6,23,0,23,20,1,26
word_660.png,0,16,45,0,45,17,0,34
word_661.png,1,0,52,10,51,33,0,22
word_662.png,0,11,136,0,136,44,0,55
word_663.png,4,3,61,0,58,27,0,29
word_664.png,0,0,77,0,74,54,1,52
word_665.png,2,0,62,9,60,30,0,21
word_666.png,1,3,55,0,55,24,0,28
word_667.png,1,0,52,12,51,33,0,20
word_668.png,0,5,62,0,63,21,1,25
word_669.png,0,8,113,0,114,16,0,24
word_670.png,0,4,130,0,130,14,0,19
word_671.png,0,2,79,0,79,16,1,18
word_672.png,0,1,53,0,54,18,1,19
word_673.png,0,0,33,1,34,17,1,15
word_674.png,22,0,249,21,227,65,0,44
word_675.png,8,0,132,10,125,40,0,29
word_676.png,6,0,100,13,95,36,0,23
word_677.png,6,0,122,7,116,62,0,54
word_678.png,1,0,112,0,111,82,0,82
word_679.png,2,0,53,4,50,27,0,22
word_680.png,3,0,67,6,64,30,0,24
word_681.png,3,0,73,5,70,31,0,26
word_682.png,3,0,135,15,131,41,0,26
word_683.png,3,0,68,8,65,30,0,22
word_684.png,7,0,107,7,103,58,0,53
word_685.png,0,0,38,2,40,64,2,62
word_686.png,4,0,56,4,56,28,0,23
word_687.png,5,0,65,6,65,33,0,26
word_688.png,0,0,32,1,32,12,0,11
word_689.png,1,4,64,0,63,23,0,27
word_690.png,0,7,133,0,134,23,1,30
word_691.png,4,0,46,4,42,29,0,25
word_692.png,3,0,39,3,36,28,0,25
word_693.png,1,0,57,4,56,16,0,12
word_694.png,0,16,150,0,152,32,2,47
word_695.png,0,6,64,0,65,12,0,19
word_696.png,0,6,70,0,71,15,1,21
word_697.png,1,0,41,9,40,28,0,19
word_698.png,1,0,20,5,19,20,0,15
word_699.png,0,12,88,0,93,52,1,64
word_700.png,0,3,53,0,53,35,0,38
word_701.png,0,1,22,0,23,27,0,27
word_702.png,0,1,55,0,56,18,1,18
word_703.png,0,0,89,4,90,50,0,46
word_704.png,0,1,50,0,52,20,1,22
word_705.png,0,6,33,0,33,20,0,26
word_706.png,0,9,43,0,44,22,1,31
word_707.png,0,12,59,0,59,20,0,33
word_708.png,0,12,47,0,47,22,0,33
word_709.png,0,7,31,0,44,157,12,165
word_710.png,0,1,37,0,39,11,3,13
word_711.png,0,9,70,0,73,27,3,35
word_712.png,0,10,62,0,63,29,0,40
word_713.png,0,9,67,0,70,23,4,32
word_714.png,0,14,67,0,71,27,4,41
word_715.png,0,3,21,0,21,11,1,14
word_716.png,4,0,95,9,92,27,0,18
word_717.png,0,88,150,0,151,62,1,134
word_718.png,2,0,89,9,86,29,0,20
word_719.png,0,6,156,0,157,56,1,62
word_720.png,0,11,124,0,126,51,2,62
word_721.png,2,0,58,3,56,24,0,20
word_722.png,1,0,56,2,55,30,0,28
word_723.png,0,0,42,2,42,16,1,13
word_724.png,1,0,17,6,16,32,0,26
word_725.png,1,2,39,0,38,21,0,23
word_726.png,1,3,31,0,29,22,0,25
word_727.png,0,3,50,0,51,12,1,15
word_728.png,0,9,48,0,51,19,2,27
word_729.png,0,9,69,0,73,15,4,24
word_730.png,0,7,56,0,59,15,3,22
word_731.png,0,4,42,0,41,11,0,16
word_732.png,0,5,31,0,31,12,0,17
word_733.png,0,5,41,0,42,10,1,14
word_734.png,1,0,62,10,61,32,0,23
word_735.png,0,0,65,9,66,28,0,19
word_736.png,0,0,78,16,79,43,0,26
word_737.png,0,0,146,32,150,64,3,32
word_738.png,0,8,41,0,44,12,3,20
word_739.png,0,9,35,0,39,14,4,23
word_740.png,0,6,24,0,27,14,3,19
word_741.png,0,12,51,0,56,14,5,27
word_742.png,0,11,52,0,53,15,1,26
word_743.png,0,16,78,0,81,29,4,45
word_744.png,0,34,80,0,84,25,4,59
word_745.png,0,29,68,0,73,22,5,51
word_746.png,0,16,61,0,66,18,5,35
word_747.png,0,22,72,0,81,28,9,49
word_748.png,0,16,56,0,62,20,6,36
word_749.png,0,18,60,0,65,25,5,43
word_750.png,0,33,77,0,89,35,11,68
word_751.png,0,15,33,0,44,33,7,40
word_752.png,0,13,52,0,57,20,5,33
word_753.png,0,24,83,0,84,31,1,55
word_754.png,0,5,29,0,32,11,3,16
word_755.png,0,5,38,0,40,13,2,18
word_756.png,0,7,37,0,38,13,1,19
word_757.png,1,0,44,2,43,15,0,13
word_758.png,0,2,42,0,43,16,1,19
word_759.png,2,0,49,1,48,14,0,12
word_760.png,0,118,42,0,67,14,25,132
word_761.png,2,0,58,3,56,19,0,17
word_762.png,3,0,68,1,65,27,0,26
word_763.png,2,0,60,0,59,14,0,14
word_764.png,0,0,34,3,35,29,1,25
word_765.png,0,0,32,1,33,18,1,16
word_766.png,0,14,57,0,61,20,4,34
word_767.png,0,12,55,0,60,19,6,31
word_768.png,0,20,75,0,78,19,4,39
word_769.png,0,8,35,0,39,18,3,27
word_770.png,0,8,31,0,38,16,7,23
word_771.png,0,18,70,0,79,19,9,37
word_772.png,0,12,49,0,55,20,6,32
word_773.png,0,8,34,0,39,19,4,26
word_774.png,0,7,27,0,32,16,4,22
word_775.png,0,11,49,0,55,19,6,30
word_776.png,0,10,48,0,50,11,2,21
word_777.png,1,0,82,5,81,19,0,14
word_778.png,0,0,58,5,60,23,2,18
word_779.png,0,0,35,2,36,22,1,20
word_780.png,1,0,71,5,70,24,0,19
word_781.png,0,0,123,4,123,26,0,22
word_782.png,0,0,88,6,88,22,0,17
word_783.png,0,0,52,3,52,17,0,14
word_784.png,0,0,49,3,50,17,1,14
word_785.png,0,0,48,3,48,17,0,13
word_786.png,0,0,26,1,25,16,0,14
word_787.png,0,0,46,4,47,18,0,14
word_788.png,0,0,34,3,34,17,0,14
word_789.png,0,0,26,1,27,15,1,14
word_790.png,0,0,50,3,50,17,0,14
word_791.png,0,0,48,4,48,19,0,14
word_792.png,1,0,42,4,41,18,0,15
word_793.png,1,0,25,1,24,14,0,13
word_794.png,0,0,43,3,43,17,1,15
word_795.png,0,0,37,3,37,18,0,15
word_796.png,1,0,53,4,52,19,0,16
word_797.png,0,0,55,4,55,18,0,15
word_798.png,0,0,32,1,32,17,0,16
word_799.png,2,0,39,3,38,18,0,15
word_800.png,0,0,60,5,60,19,0,15
word_801.png,0,0,44,2,44,14,0,12
word_802.png,1,0,18,2,18,15,0,14
word_803.png,0,0,29,1,29,15,0,14
word_804.png,2,0,30,2,28,16,0,14
word_805.png,0,0,43,2,45,14,2,12
word_806.png,2,0,60,3,58,19,0,15
word_807.png,0,0,46,2,46,18,0,15
word_808.png,1,0,22,1,21,15,0,14
word_809.png,0,0,21,2,21,15,0,13
word_810.png,0,0,44,2,45,16,1,14
word_811.png,1,0,34,3,33,15,0,12
word_812.png,0,0,29,1,29,14,0,13
word_813.png,1,0,36,2,34,15,0,14
word_814.png,1,0,33,2,33,15,0,13
word_815.png,0,0,15,0,15,14,0,14
word_816.png,0,0,30,2,30,13,1,11
word_817.png,1,0,22,1,21,14,0,12
word_818.png,0,0,36,3,36,17,0,14
word_819.png,0,0,49,3,49,16,0,13
word_820.png,0,0,43,3,43,15,0,12
word_821.png,0,0,22,1,23,15,0,14
word_822.png,0,0,38,2,38,16,0,13
word_823.png,0,0,40,0,41,18,1,18
word_824.png,2,0,40,2,38,19,0,17
word_825.png,2,0,45,2,43,14,0,12
word_826.png,0,0,52,2,53,11,1,10
word_827.png,0,9,33,0,38,16,5,25
word_828.png,0,13,74,0,81,35,8,48
word_829.png,0,13,53,0,55,15,3,29
word_830.png,0,15,48,0,53,13,5,29
word_831.png,0,3,53,0,54,22,1,25
word_832.png,1,1,48,0,47,19,0,20
word_833.png,0,1,25,0,25,10,1,12
word_834.png,0,4,58,0,59,22,0,26
word_835.png,4,2,67,0,64,25,0,27
word_836.png,6,3,116,0,110,38,0,41
word_837.png,5,5,181,0,177,33,0,39
word_838.png,0,3,89,0,90,18,1,21
word_839.png,0,13,352,0,361,28,9,41
word_840.png,2,7,167,0,165,30,0,37
word_841.png,2,0,87,0,85,32,0,32
word_842.png,0,14,255,0,261,45,5,58
word_843.png,0,2,22,0,22,17,0,19
word_844.png,0,0,75,18,77,55,2,37
word_845.png,0,0,70,22,72,49,2,27
word_846.png,1,0,20,0,19,17,0,17
word_847.png,0,8,87,0,89,33,2,41
word_848.png,0,1,23,0,24,13,1,14
word_849.png,0,2,84,0,85,54,1,56
word_850.png,0,22,72,0,78,20,6,42
word_851.png,0,28,98,0,105,19,7,47
word_852.png,0,17,60,0,64,19,4,36
word_853.png,0,0,82,2,83,27,1,25
word_854.png,1,0,69,15,68,44,0,28
word_855.png,2,0,74,15,73,44,0,28
word_856.png,2,4,97,0,95,27,0,32
word_857.png,0,5,106,0,105,29,0,35
word_858.png,3,2,88,0,85,28,0,30
word_859.png,0,5,127,0,128,32,0,36
word_860.png,1,0,61,0,60,29,0,29
word_861.png,2,0,52,11,50,32,0,20
word_862.png,4,0,48,10,44,31,0,22
word_863.png,1,0,80,17,79,39,0,22
word_864.png,0,8,29,0,32,16,4,24
word_865.png,0,19,70,0,71,16,2,35
word_866.png,0,11,35,0,42,15,7,26
word_867.png,0,33,113,0,122,19,9,52
word_868.png,0,10,34,0,36,14,6,23
word_869.png,0,21,77,0,83,15,1,39
word_870.png,0,26,70,0,77,19,7,45
word_871.png,0,20,64,0,71,20,8,40
word_872.png,0,18,51,0,52,14,2,28
word_873.png,0,10,37,0,41,15,4,25
word_874.png,0,24,71,0,84,28,12,52
word_875.png,0,22,70,0,79,29,8,51
word_876.png,0,32,100,0,107,30,7,61
word_877.png,0,32,95,0,103,20,8,52
word_878.png,0,22,65,0,71,24,7,46
word_879.png,0,17,43,0,52,26,9,42
word_880.png,0,13,27,0,36,21,9,34
word_881.png,0,35,88,0,95,17,7,52
word_882.png,0,10,30,0,40,17,10,27
word_883.png,0,17,45,0,52,20,8,38
word_884.png,0,16,43,0,51,20,7,36
word_885.png,0,10,74,0,75,36,1,46
word_886.png,0,7,59,0,60,14,2,20
word_887.png,0,22,83,0,87,22,4,44
word_888.png,0,57,96,0,113,49,16,106
word_889.png,0,41,86,0,101,56,16,97
word_890.png,0,8,32,0,32,18,0,23
word_891.png,0,3,23,0,23,17,0,20
word_892.png,0,2,21,0,22,19,1,21
word_893.png,0,0,37,2,38,21,1,19
word_894.png,1,5,22,0,22,18,0,22
word_895.png,0,0,56,0,56,20,0,20
word_896.png,0,0,52,4,53,26,2,22
word_897.png,0,0,26,1,27,16,1,15
word_898.png,0,0,27,3,26,22,1,21
word_899.png,2,0,18,10,16,40,0,31
word_900.png,0,20,46,0,56,27,10,47
word_901.png,1,0,24,3,23,23,0,20
word_902.png,2,0,33,4,32,27,0,23
word_903.png,0,0,133,3,136,49,3,47
word_904.png,0,0,121,14,120,51,0,37
word_905.png,2,0,57,2,55,34,0,33
word_906.png,0,34,56,0,64,17,6,56
word_907.png,0,0,55,5,60,30,5,25
word_908.png,0,0,127,28,123,69,9,30
word_909.png,0,12,83,0,86,26,4,39
word_910.png,0,4,37,0,37,19,0,23
word_911.png,0,3,37,0,40,21,2,25
word_912.png,0,2,57,0,57,17,0,19
word_913.png,0,0,56,0,56,15,0,15
word_914.png,0,0,56,1,57,16,1,15
word_915.png,0,5,58,0,64,40,6,45
word_916.png,0,4,54,0,54,28,0,32
word_917.png,0,0,98,0,103,60,6,60
word_918.png,1,2,18,0,17,14,0,16
word_919.png,0,13,56,0,57,14,1,28
word_920.png,0,20,92,0,95,28,3,48
word_921.png,0,32,82,0,88,56,11,62
word_922.png,0,0,234,8,238,107,3,99
word_923.png,1,0,49,0,48,22,0,22
word_924.png,0,0,73,9,75,30,1,21
word_925.png,0,1,38,0,38,11,0,12
word_926.png,0,1,38,0,39,13,0,14
word_927.png,1,0,28,0,27,11,0,10
word_928.png,1,0,28,2,27,13,0,12
word_929.png,0,0,93,2,95,17,1,16
word_930.png,0,0,29,0,29,14,1,14
word_931.png,0,0,24,1,25,16,1,15
word_932.png,0,5,46,0,47,12,1,16
word_933.png,0,3,29,0,30,12,2,15
word_934.png,0,2,23,0,24,16,2,18
word_935.png,0,5,73,0,74,16,1,22
word_936.png,0,5,48,0,51,15,3,20
word_937.png,0,4,34,0,34,16,0,20
word_938.png,0,19,155,0,163,30,8,49
word_939.png,0,3,40,0,40,15,0,18
word_940.png,0,2,30,0,32,16,1,17
word_941.png,0,3,32,0,33,15,1,17
word_942.png,0,12,136,0,140,58,3,71
word_943.png,0,5,46,0,47,12,1,17
word_944.png,0,3,23,0,24,15,0,17
word_945.png,0,2,26,0,26,14,1,16
word_946.png,0,3,25,0,25,11,1,15
word_947.png,0,3,30,0,30,11,0,14
word_948.png,0,2,28,0,28,11,0,13
word_949.png,0,40,242,0,245,16,3,56
word_950.png,0,0,83,0,83,17,0,17
word_951.png,0,14,58,0,58,16,0,29
word_952.png,0,5,31,0,33,11,3,16
word_953.png,0,3,21,0,22,11,1,14
word_954.png,0,8,39,0,41,10,2,17
word_955.png,0,6,31,0,31,12,1,18
word_956.png,0,12,48,0,56,29,8,41
word_957.png,0,1,36,0,40,24,4,25
word_958.png,0,0,28,0,30,24,1,24
word_959.png,0,0,47,0,48,21,1,22
word_960.png,0,1,52,0,54,22,3,23
word_961.png,0,0,75,2,75,33,0,31
word_962.png,4,0,256,2,253,37,0,35
word_963.png,0,0,58,0,60,30,2,30
word_964.png,0,0,77,1,80,32,2,31
word_965.png,0,0,62,0,64,32,2,32
word_966.png,0,0,30,1,31,19,2,18
word_967.png,0,0,29,1,29,18,0,17
word_968.png,1,0,42,1,41,23,0,22
word_969.png,2,0,132,2,130,85,0,83
word_970.png,1,0,38,0,37,21,0,21
word_971.png,0,0,30,0,30,21,0,21
word_972.png,0,0,200,0,201,53,1,53
word_973.png,1,0,130,1,129,49,0,48
word_974.png,0,19,51,0,61,22,10,41
word_975.png,0,16,43,0,50,20,6,36
word_976.png,0,9,27,0,32,20,4,29
word_977.png,0,13,40,0,48,20,8,33
word_978.png,0,0,98,0,98,28,0,28
word_979.png,9,8,349,0,340,83,0,91
word_980.png,1,1,85,0,84,40,0,41
word_981.png,2,0,40,0,39,16,0,16
word_982.png,0,1,26,0,26,16,0,16
word_983.png,0,1,42,0,43,19,1,19
word_984.png,0,7,48,0,48,15,1,20
word_985.png,0,2,36,0,37,15,2,17
word_986.png,1,3,30,0,29,13,0,15
word_987.png,0,2,30,0,30,12,0,15
word_988.png,0,4,54,0,56,14,2,18
word_989.png,0,4,51,0,54,14,3,18
word_990.png,0,3,55,0,57,16,2,19
word_991.png,0,5,51,0,51,17,0,22
word_992.png,0,1,29,0,29,15,0,16
word_993.png,0,2,33,0,34,17,1,19
word_994.png,1,3,100,0,99,16,0,18
word_995.png,0,4,205,0,207,38,2,42
word_996.png,0,1,28,0,29,12,1,13
word_997.png,0,0,43,0,45,11,2,12
word_998.png,0,1,38,0,40,15,2,15
word_999.png,1,22,98,0,97,52,0,74
word_1000.png,0,8,129,0,129,30,0,37
word_1001.png,1,0,35,3,34,20,0,18
word_1002.png,0,1,51,0,52,28,0,29
word_1003.png,0,5,111,0,113,28,1,33
word_1004.png,0,10,143,0,144,24,0,34
word_1005.png,0,4,47,0,47,20,1,23
word_1006.png,0,6,118,0,119,24,1,30
word_1007.png,0,8,156,0,159,22,3,31
word_1008.png,0,4,57,0,59,21,1,25
word_1009.png,0,2,52,0,54,20,2,22
word_1010.png,0,0,35,3,35,22,0,19
word_1011.png,1,0,51,5,50,20,0,16
word_1012.png,0,0,36,5,36,22,0,17
word_1013.png,1,4,98,0,96,20,0,24
word_1014.png,0,0,41,0,41,18,0,18
word_1015.png,2,0,48,0,46,17,0,17
word_1016.png,1,1,103,0,102,19,0,19
word_1017.png,0,0,99,2,100,17,1,15
word_1018.png,1,3,78,0,77,19,0,22
word_1019.png,1,0,52,0,51,13,0,13
word_1020.png,0,1,55,0,56,18,1,19
word_1021.png,1,1,86,0,85,17,0,18
word_1022.png,1,2,57,0,56,17,0,19
word_1023.png,0,2,73,0,73,18,0,20
word_1024.png,0,2,44,0,45,18,1,19
word_1025.png,2,3,68,0,66,19,0,21
word_1026.png,2,1,59,0,56,19,0,20
word_1027.png,1,3,48,0,47,18,0,20
word_1028.png,0,1,43,0,43,19,0,20
word_1029.png,0,3,59,0,59,20,0,22
word_1030.png,0,1,44,0,44,19,0,21
word_1031.png,1,4,61,0,60,20,0,24
word_1032.png,0,4,62,0,63,19,1,22
word_1033.png,0,1,37,0,37,23,0,25
word_1034.png,0,1,31,0,32,24,1,25
word_1035.png,0,1,52,0,55,24,3,25
word_1036.png,0,1,52,0,56,28,3,29
word_1037.png,0,0,203,7,203,41,0,34
word_1038.png,0,0,36,3,36,24,0,21
word_1039.png,0,15,69,0,75,32,6,47
word_1040.png,1,0,61,4,60,19,0,16
word_1041.png,0,0,99,0,100,21,1,21
word_1042.png,0,0,54,2,55,19,1,17
word_1043.png,1,0,55,1,54,18,0,17
word_1044.png,0,2,76,0,77,19,2,20
word_1045.png,4,0,66,2,63,19,0,17
word_1046.png,3,0,56,3,54,17,0,15
word_1047.png,1,0,45,2,44,15,0,13
word_1048.png,1,0,42,2,41,16,0,14
word_1049.png,0,17,45,0,60,25,14,43
word_1050.png,14,2,48,0,33,43,0,45
word_1051.png,0,46,48,0,86,14,38,60
word_1052.png,0,70,110,0,193,1,30,103
word_1053.png,2,0,94,2,92,32,0,30
word_1054.png,0,0,55,1,55,17,0,16
word_1055.png,1,1,55,0,54,12,0,13
word_1056.png,0,2,39,0,39,14,0,16
word_1057.png,1,0,42,5,41,24,0,19
word_1058.png,1,0,33,4,32,20,0,15
word_1059.png,1,0,35,3,34,18,0,15
word_1060.png,1,0,72,7,70,26,0,19
word_1061.png,0,0,89,10,89,29,0,19
word_1062.png,2,0,41,5,39,24,0,20
word_1063.png,0,0,34,2,34,22,0,19
word_1064.png,1,0,49,3,48,21,0,18
word_1065.png,0,0,76,4,76,18,0,14
word_1066.png,0,1,38,0,39,27,2,28
word_1067.png,0,27,74,0,75,15,1,41
word_1068.png,0,10,43,0,46,42,4,52
word_1069.png,0,22,59,0,59,16,0,38
word_1070.png,0,0,39,0,42,17,3,18
word_1071.png,0,0,33,1,36,24,3,23
word_1072.png,0,0,47,0,50,22,3,21
word_1073.png,0,0,40,1,45,23,5,22
word_1074.png,0,1,34,0,36,24,2,25
word_1075.png,0,0,34,0,35,27,2,27
word_1076.png,0,2,44,0,46,23,2,26
word_1077.png,0,1,36,0,40,22,4,23
word_1078.png,0,0,286,0,286,38,0,38
word_1079.png,2,0,49,1,47,13,0,12
word_1080.png,0,0,61,0,63,12,2,12
word_1081.png,0,0,40,2,40,14,0,13
word_1082.png,7,0,139,29,132,43,0,14
word_1083.png,3,0,131,43,128,56,0,13
word_1084.png,0,0,31,0,30,13,0,13
word_1085.png,0,0,39,1,38,15,0,14
word_1086.png,0,0,46,0,47,16,0,16
word_1087.png,0,1,31,0,31,15,0,16
word_1088.png,0,1,58,0,57,15,0,16
word_1089.png,0,1,21,0,22,16,1,17
word_1090.png,0,3,37,0,38,13,0,15
word_1091.png,0,24,42,0,51,14,10,38
word_1092.png,1,4,48,0,47,20,0,24
word_1093.png,0,0,140,0,142,23,2,23
word_1094.png,3,0,60,3,57,33,0,30
word_1095.png,1,0,31,0,30,15,0,15
word_1096.png,1,2,20,0,19,37,0,39
word_1097.png,0,6,128,0,128,28,0,34
word_1098.png,10,0,24,2,14,96,0,94
word_1099.png,0,3,39,0,39,24,0,26
word_1100.png,0,2,48,0,49,11,1,13
word_1101.png,0,1,31,0,30,22,0,23
word_1102.png,2,0,54,3,52,31,0,27
word_1103.png,6,0,87,16,81,56,0,39
word_1104.png,8,0,90,16,81,48,0,32
word_1105.png,7,0,95,15,88,52,0,37
word_1106.png,4,0,76,15,71,48,0,33
word_1107.png,0,0,118,19,123,60,0,38
word_1108.png,0,14,242,0,249,64,8,77
word_1109.png,0,4,82,0,83,40,0,44
word_1110.png,0,7,56,0,57,33,1,39
word_1111.png,3,5,100,0,96,39,0,44
word_1112.png,1,7,148,0,146,23,0,30
word_1113.png,0,2,57,0,57,35,1,37
word_1114.png,0,2,56,0,56,14,0,15
word_1115.png,2,12,151,0,148,63,0,74
word_1116.png,0,6,98,0,101,62,3,68
word_1117.png,0,13,223,0,228,64,4,78
word_1118.png,0,1,46,0,46,8,0,9
word_1119.png,1,0,29,2,28,16,0,15
word_1120.png,1,0,48,1,46,17,0,15
word_1121.png,0,4,24,0,25,16,1,20
word_1122.png,1,4,22,0,21,18,0,22
word_1123.png,0,1,19,0,19,20,0,21
word_1124.png,0,3,37,0,40,26,2,29
word_1125.png,0,9,49,0,50,22,1,31
word_1126.png,0,1,45,0,44,20,0,21
word_1127.png,0,5,46,0,49,19,2,23
word_1128.png,0,1,45,0,45,12,0,13
word_1129.png,1,0,47,1,46,17,0,17
word_1130.png,0,3,130,0,130,32,0,35
word_1131.png,0,4,140,0,142,31,2,35
word_1132.png,1,0,57,2,56,24,0,22
word_1133.png,0,0,40,1,40,23,1,22
word_1134.png,0,2,68,0,67,13,0,15
word_1135.png,0,7,56,0,57,16,1,23
word_1136.png,0,11,57,0,58,20,0,31
word_1137.png,3,0,140,2,138,38,0,35
word_1138.png,1,0,211,2,211,42,0,40
word_1139.png,1,0,40,2,39,14,0,12
word_1140.png,1,0,79,4,78,19,0,14
word_1141.png,2,0,38,0,35,19,0,19
word_1142.png,3,0,53,1,50,18,0,17
word_1143.png,3,0,75,3,72,23,0,20
word_1144.png,2,0,62,7,59,21,0,14
word_1145.png,3,0,46,8,44,22,0,14
word_1146.png,2,0,67,11,65,24,0,13
word_1147.png,0,1,114,0,120,35,6,36
word_1148.png,2,1,55,0,54,14,0,15
word_1149.png,0,1,41,0,41,12,0,13
word_1150.png,0,1,25,0,25,15,0,16
word_1151.png,0,21,40,0,43,27,1,54
word_1152.png,0,0,84,3,84,35,6,37
word_1153.png,0,19,38,0,41,38,4,57
word_1154.png,0,23,53,0,58,60,5,83
word_1155.png,0,8,254,0,255,30,0,39
word_1156.png,0,1,65,0,65,20,0,21
word_1157.png,8,0,56,54,48,101,0,47
word_1158.png,0,0,78,0,81,20,2,20
word_1159.png,0,2,59,0,61,28,2,30
word_1160.png,0,0,57,0,59,26,3,26
word_1161.png,0,4,60,0,61,29,1,32
word_1162.png,1,0,68,0,67,16,0,16
word_1163.png,8,0,240,1,232,87,0,86
word_1164.png,0,4,95,0,97,18,1,22
word_1165.png,0,4,32,0,33,12,1,16
word_1166.png,0,17,97,0,98,13,1,30
word_1167.png,0,16,89,0,92,13,3,29
word_1168.png,0,10,65,0,66,14,0,24
word_1169.png,0,6,50,0,50,13,1,19
word_1170.png,0,3,29,0,29,17,0,20
word_1171.png,0,3,73,0,73,23,0,26
word_1172.png,1,4,58,0,57,25,0,28
word_1173.png,0,1,45,0,46,20,1,21
word_1174.png,0,2,31,0,32,20,1,22
word_1175.png,0,52,288,0,289,68,1,120
word_1176.png,0,1,69,0,70,16,1,16
word_1177.png,0,5,58,0,61,27,2,33
word_1178.png,0,0,161,4,163,49,2,45
word_1179.png,0,8,59,0,62,27,3,34
word_1180.png,1,0,72,0,71,45,0,45
word_1181.png,0,8,58,0,60,21,2,28
word_1182.png,0,4,36,0,37,18,1,22
word_1183.png,0,12,86,0,88,29,2,40
word_1184.png,0,4,28,0,29,19,0,22
word_1185.png,0,5,38,0,39,18,0,23
word_1186.png,0,3,28,0,28,16,0,19
word_1187.png,0,7,45,0,47,20,2,27
word_1188.png,1,5,52,0,51,20,0,25
word_1189.png,0,12,93,0,95,21,1,32
word_1190.png,2,0,67,7,65,26,0,18
word_1191.png,1,0,33,1,33,18,0,15
word_1192.png,1,0,46,2,45,17,0,15
word_1193.png,3,0,42,2,40,21,0,19
word_1194.png,2,0,74,4,72,24,0,20
word_1195.png,2,0,66,6,63,23,0,17
word_1196.png,2,0,27,2,26,16,0,14
word_1197.png,1,0,41,4,40,13,0,8
word_1198.png,2,0,42,2,39,16,0,14
word_1199.png,1,0,53,4,52,18,0,15
word_1200.png,1,0,64,3,63,17,0,15
word_1201.png,2,0,33,2,32,16,0,14
word_1202.png,1,0,45,6,45,22,0,16
word_1203.png,1,0,33,4,32,20,0,15
word_1204.png,1,0,60,6,60,24,0,18
word_1205.png,0,0,67,8,67,37,0,29
word_1206.png,1,0,110,6,110,36,0,30
word_1207.png,0,0,26,4,26,19,0,15
word_1208.png,0,0,28,4,27,20,0,16
word_1209.png,0,32,188,0,192,22,4,55
word_1210.png,1,0,36,2,35,17,0,15
word_1211.png,2,0,20,2,19,18,0,16
word_1212.png,0,0,37,4,37,21,0,17
word_1213.png,2,0,27,2,25,19,0,17
word_1214.png,1,0,33,10,33,27,0,18
word_1215.png,4,0,44,10,41,27,0,17
word_1216.png,2,0,33,8,32,28,0,20
word_1217.png,3,0,35,10,31,27,0,18
word_1218.png,0,5,169,0,172,33,3,38
word_1219.png,0,4,215,0,214,33,0,37
word_1220.png,0,3,166,0,167,33,1,36
word_1221.png,0,0,90,3,91,37,1,34
word_1222.png,1,0,86,3,86,32,0,29
word_1223.png,0,0,119,2,119,21,0,19
word_1224.png,0,0,36,0,36,16,0,16
word_1225.png,0,0,31,0,31,14,0,14
word_1226.png,0,0,30,2,30,19,0,18
word_1227.png,0,0,35,2,35,21,0,19
word_1228.png,0,0,24,0,24,16,1,16
word_1229.png,0,0,26,0,26,16,0,16
word_1230.png,0,0,73,0,73,16,0,15
word_1231.png,0,0,24,0,24,14,0,14
word_1232.png,1,0,65,5,63,18,0,13
word_1233.png,2,0,54,5,52,20,0,15
word_1234.png,1,0,40,4,39,16,0,12
word_1235.png,1,0,45,4,44,20,0,16
word_1236.png,4,0,24,1,20,14,0,13
word_1237.png,0,0,53,8,52,29,0,20
word_1238.png,0,0,73,7,72,30,0,24
word_1239.png,1,0,42,3,41,21,0,18
word_1240.png,0,0,40,3,40,21,0,18
word_1241.png,0,0,96,2,96,15,1,13
word_1242.png,0,4,120,0,121,17,2,20
word_1243.png,0,6,61,0,65,20,6,27
word_1244.png,0,13,41,0,43,14,2,27
word_1245.png,0,2,22,0,22,13,1,14
word_1246.png,8,0,31,7,23,21,0,15
word_1247.png,0,2,58,0,61,28,3,29
word_1248.png,1,0,63,16,62,41,0,26
word_1249.png,0,17,60,0,75,26,14,43
word_1250.png,0,0,71,0,71,23,0,22
word_1251.png,5,0,51,12,47,29,0,16
word_1252.png,14,0,58,28,44,49,0,21
word_1253.png,0,0,96,0,97,29,1,29
word_1254.png,0,0,31,2,32,34,1,31
word_1255.png,1,0,47,8,45,43,0,36
word_1256.png,0,6,96,0,96,41,0,46
word_1257.png,0,1,47,0,49,27,2,28
word_1258.png,0,4,160,0,162,52,2,56
word_1259.png,0,2,103,0,104,50,1,52
word_1260.png,0,6,67,0,74,42,7,48
word_1261.png,0,13,66,0,75,43,9,56
word_1262.png,0,0,25,2,26,23,0,21
word_1263.png,3,0,37,11,34,39,0,28
word_1264.png,0,0,49,7,50,36,1,29
word_1265.png,1,0,44,7,43,31,0,23
word_1266.png,7,0,52,12,45,41,0,29
word_1267.png,0,0,52,11,52,39,0,28
word_1268.png,0,0,48,13,47,47,0,33
word_1269.png,0,13,69,0,74,24,5,37
word_1270.png,0,14,34,0,38,15,3,29
word_1271.png,0,17,39,0,39,20,1,36
word_1272.png,1,0,24,1,23,18,0,17
word_1273.png,2,1,35,0,33,19,0,19
word_1274.png,0,21,46,0,53,26,7,47
word_1275.png,0,7,27,0,33,23,6,30
word_1276.png,0,8,22,0,25,20,3,28
word_1277.png,0,14,38,0,44,22,5,37
word_1278.png,0,41,75,0,87,39,11,80
word_1279.png,0,56,88,0,94,34,7,90
word_1280.png,0,30,45,0,52,40,6,70
word_1281.png,0,59,94,0,104,33,10,92
word_1282.png,0,25,60,0,67,33,8,57
word_1283.png,3,0,33,7,31,29,0,21
word_1284.png,2,0,22,9,19,32,0,23
word_1285.png,1,0,43,16,41,43,0,26
word_1286.png,8,0,59,19,51,42,0,23
word_1287.png,0,19,207,0,212,79,5,98
word_1288.png,0,15,151,0,159,60,8,76
word_1289.png,0,8,63,0,66,26,3,35
word_1290.png,0,0,84,1,86,31,2,31
word_1291.png,0,23,82,0,88,30,5,52
word_1292.png,0,9,54,0,56,16,1,25
word_1293.png,0,1,32,0,62,166,29,167
word_1294.png,1,1,53,0,52,15,0,16
word_1295.png,0,1,27,0,27,15,1,15
word_1296.png,1,0,40,0,39,14,0,15
word_1297.png,0,0,51,3,51,25,1,23
word_1298.png,0,5,41,0,41,21,1,26
word_1299.png,0,2,28,0,30,31,1,33
word_1300.png,0,1,47,0,47,14,1,15
word_1301.png,0,0,53,0,54,16,0,16
word_1302.png,0,0,65,1,65,14,0,14
word_1303.png,0,0,21,0,22,14,1,14
word_1304.png,0,1,27,0,27,15,0,16
word_1305.png,0,8,195,0,197,50,2,58
word_1306.png,1,0,66,3,65,18,0,16
word_1307.png,0,2,39,0,39,31,0,34
word_1308.png,0,10,85,0,85,28,0,37
word_1309.png,1,4,138,0,136,29,0,33
word_1310.png,0,2,53,0,54,18,0,20
word_1311.png,4,23,300,0,407,96,0,145
word_1312.png,13,5,140,0,169,15,0,25
word_1313.png,0,1,49,0,50,20,2,20
word_1314.png,0,2,57,0,57,20,0,21
word_1315.png,0,2,75,0,76,19,1,21
word_1316.png,0,2,35,0,38,18,3,20
word_1317.png,0,2,57,0,59,16,2,19
word_1318.png,0,4,52,0,53,16,0,20
word_1319.png,0,3,38,0,40,15,2,19
word_1320.png,0,3,27,0,30,18,3,21
word_1321.png,1,0,38,4,38,17,0,14
word_1322.png,1,0,62,3,62,15,0,11
word_1323.png,1,0,32,2,30,16,0,14
word_1324.png,1,0,34,2,33,15,0,12
word_1325.png,0,0,73,6,73,19,0,14
word_1326.png,0,0,62,1,62,14,0,12
word_1327.png,2,0,52,4,51,16,0,13
word_1328.png,1,0,38,3,38,16,0,13
word_1329.png,1,0,55,3,54,18,0,14
word_1330.png,1,0,38,3,38,16,0,14
word_1331.png,0,0,25,3,26,16,1,13
word_1332.png,0,0,53,5,53,17,0,12
word_1333.png,1,0,30,2,29,16,0,15
word_1334.png,1,0,41,3,40,16,0,13
word_1335.png,1,0,43,3,42,17,0,14
word_1336.png,1,0,33,3,33,15,0,13
word_1337.png,0,0,26,1,26,15,0,14
word_1338.png,0,0,41,4,40,18,0,15
word_1339.png,1,0,33,2,32,20,0,17
word_1340.png,2,0,39,2,37,17,0,15
word_1341.png,3,0,43,2,41,15,0,13
word_1342.png,0,9,33,0,37,17,3,25
word_1343.png,0,2,23,0,23,13,1,15
word_1344.png,0,7,30,0,35,17,5,24
word_1345.png,0,16,69,0,74,17,5,33
word_1346.png,0,3,37,0,38,10,1,13
word_1347.png,0,2,21,0,22,13,1,15
word_1348.png,0,2,22,0,23,13,1,15
word_1349.png,0,3,22,0,23,13,0,16
word_1350.png,0,3,23,0,23,12,0,15
word_1351.png,0,1,22,0,22,14,0,14
word_1352.png,0,3,26,0,27,12,1,14
word_1353.png,0,0,188,20,189,59,1,39
word_1354.png,0,0,103,6,104,33,1,27
word_1355.png,0,0,91,2,91,29,1,27
word_1356.png,2,2,175,0,173,21,0,22
word_1357.png,1,0,94,3,93,22,0,19
word_1358.png,0,0,59,1,59,26,0,25
word_1359.png,0,0,94,4,98,32,4,29
word_1360.png,1,0,40,3,40,26,0,23
word_1361.png,0,0,78,6,78,36,0,30
word_1362.png,1,0,186,19,185,41,0,21
word_1363.png,0,5,75,0,75,8,0,13
word_1364.png,0,5,63,0,65,17,2,22
word_1365.png,0,7,114,0,114,27,0,34
word_1366.png,0,3,70,0,71,35,1,38
word_1367.png,0,9,155,0,157,36,3,45
word_1368.png,2,0,63,3,61,39,0,35
word_1369.png,0,0,139,6,140,36,0,31
word_1370.png,0,0,87,0,87,20,0,20
word_1371.png,2,0,55,2,53,17,0,15
word_1372.png,0,41,273,0,286,61,13,103
word_1373.png,0,10,81,0,89,40,9,50
word_1374.png,0,19,147,0,156,44,9,64
word_1375.png,0,20,144,0,155,46,11,66
word_1376.png,0,0,45,0,46,15,1,15
word_1377.png,0,0,35,0,37,17,1,17
word_1378.png,0,4,52,0,62,42,9,46
word_1379.png,0,0,39,1,41,20,2,19
word_1380.png,0,0,55,0,56,19,1,19
word_1381.png,1,0,82,1,81,21,0,20
word_1382.png,0,0,107,2,108,23,1,21
word_1383.png,0,0,69,0,70,23,1,23
word_1384.png,0,0,49,1,49,21,0,20
word_1385.png,0,0,38,2,38,23,0,21
word_1386.png,0,0,51,3,52,24,1,21
word_1387.png,0,1,48,0,48,19,0,20
word_1388.png,0,0,32,2,33,14,1,12
word_1389.png,0,0,67,4,66,19,0,15
word_1390.png,2,0,54,3,52,19,0,16
word_1391.png,1,0,38,3,38,20,0,18
word_1392.png,0,0,24,2,24,17,0,15
word_1393.png,0,0,29,1,29,16,0,15
word_1394.png,0,0,69,8,70,23,1,16
word_1395.png,1,0,32,2,31,15,0,14
word_1396.png,0,0,98,9,98,29,1,20
word_1397.png,1,0,49,5,47,24,0,20
word_1398.png,1,0,38,4,37,19,0,14
word_1399.png,3,0,30,6,27,19,0,13
word_1400.png,0,0,57,8,56,24,0,16
word_1401.png,2,0,34,4,32,20,0,16
word_1402.png,0,0,18,2,18,15,0,13
word_1403.png,2,0,32,4,30,19,0,15
word_1404.png,0,0,53,10,54,27,1,17
word_1405.png,0,3,50,0,51,11,1,14
word_1406.png,0,3,46,0,46,11,0,14
word_1407.png,0,4,54,0,55,20,1,24
word_1408.png,0,3,37,0,40,18,2,22
word_1409.png,0,3,33,0,33,18,0,22
word_1410.png,0,0,26,0,25,10,0,10
word_1411.png,0,49,152,0,152,32,2,71
word_1412.png,0,0,69,25,69,47,0,18
word_1413.png,0,9,116,0,117,20,1,30
word_1414.png,2,0,66,3,65,22,0,18
word_1415.png,3,0,55,8,52,23,0,15
word_1416.png,3,0,83,7,80,27,0,20
word_1417.png,0,0,102,0,104,38,2,38
word_1418.png,1,2,49,0,47,19,0,21
word_1419.png,4,0,48,1,45,26,0,25
word_1420.png,3,0,72,5,68,27,0,22
word_1421.png,0,0,92,0,93,25,1,25
word_1422.png,0,0,56,0,58,27,2,28
word_1423.png,2,0,45,1,43,24,0,22
word_1424.png,0,1,76,0,77,21,1,22
word_1425.png,0,0,28,2,28,17,0,15
word_1426.png,0,0,72,0,71,19,0,19
word_1427.png,0,0,26,1,26,17,0,16
word_1428.png,0,0,60,2,60,19,0,16
word_1429.png,1,0,44,4,43,22,0,18
word_1430.png,2,0,29,0,27,16,0,16
word_1431.png,0,0,26,4,26,19,0,15
word_1432.png,1,0,31,2,30,15,0,14
word_1433.png,2,0,72,7,70,20,0,13
word_1434.png,2,0,66,6,65,23,0,17
word_1435.png,2,0,42,5,40,20,0,15
word_1436.png,3,0,58,4,56,20,0,16
word_1437.png,3,0,72,13,70,38,0,25
word_1438.png,3,0,47,6,44,31,0,25
word_1439.png,3,0,64,10,61,39,0,29
word_1440.png,6,0,76,10,71,37,0,27
word_1441.png,1,0,67,13,65,37,0,23
word_1442.png,0,0,110,20,110,43,0,23
word_1443.png,1,0,64,12,63,33,0,20
word_1444.png,0,0,48,8,49,27,0,19
word_1445.png,0,0,83,1,83,28,0,27
word_1446.png,0,5,44,0,47,19,4,24
word_1447.png,0,5,44,0,45,18,0,23
word_1448.png,0,0,198,0,200,28,2,28
word_1449.png,0,2,50,0,51,27,0,29
word_1450.png,0,0,216,4,217,75,1,71
word_1451.png,0,21,48,0,56,56,8,78
word_1452.png,0,0,31,3,31,19,1,16
word_1453.png,0,66,104,0,142,62,9,127
word_1454.png,0,3,72,0,73,19,2,23
word_1455.png,0,54,117,0,118,45,1,94
word_1456.png,1,0,91,13,90,46,0,33
word_1457.png,2,0,137,21,135,57,0,36
word_1458.png,3,0,63,10,60,38,0,28
word_1459.png,0,93,161,0,173,29,12,122
word_1460.png,0,80,149,0,157,35,8,115
word_1461.png,0,58,122,0,130,33,9,91
word_1462.png,0,19,59,0,62,18,3,37
word_1463.png,0,22,69,0,74,20,5,42
word_1464.png,0,26,90,0,94,20,4,46
word_1465.png,0,3,21,0,28,93,7,95
word_1466.png,0,32,118,0,121,36,3,67
word_1467.png,0,15,63,0,68,32,4,47
word_1468.png,0,1,20,0,29,108,9,109
word_1469.png,0,35,108,0,113,22,5,57
word_1470.png,0,37,129,0,130,16,2,53
word_1471.png,0,25,83,0,89,19,6,44
word_1472.png,0,1,14,0,14,51,0,52
word_1473.png,2,13,46,0,42,21,0,34
word_1474.png,0,9,33,0,33,28,0,37
word_1475.png,1,0,113,2,112,33,0,31
word_1476.png,0,0,59,0,60,21,0,20
word_1477.png,0,4,62,0,63,15,1,18
word_1478.png,0,2,56,0,57,21,1,23
word_1479.png,0,1,31,0,33,23,3,24
word_1480.png,0,1,28,0,28,21,0,21
word_1481.png,1,18,109,0,109,27,0,49
word_1482.png,1,11,54,0,55,23,0,36
word_1483.png,0,0,67,2,68,29,1,31
word_1484.png,0,0,52,1,52,24,1,26
word_1485.png,0,43,181,0,186,28,5,71
word_1486.png,0,32,132,0,137,28,6,60
word_1487.png,0,22,57,0,60,22,3,44
word_1488.png,0,11,32,0,37,22,4,33
word_1489.png,0,20,120,0,126,21,6,41
word_1490.png,0,14,83,0,85,28,2,42
word_1491.png,0,28,150,0,153,27,3,55
word_1492.png,0,1,83,0,83,34,1,35
word_1493.png,0,0,97,10,100,50,5,50
word_1494.png,0,33,239,0,250,74,11,107
word_1495.png,0,21,134,0,134,38,0,59
word_1496.png,0,0,42,0,47,245,6,244
word_1497.png,0,2,77,0,77,16,0,19
word_1498.png,0,0,89,0,89,24,0,24
word_1499.png,0,0,217,32,217,67,0,34
word_1500.png,4,0,415,68,415,160,0,69
word_1501.png,0,3,45,0,45,15,0,18
word_1502.png,0,0,62,4,62,34,0,30
word_1503.png,1,0,153,15,153,42,0,27
word_1504.png,1,0,88,11,88,38,0,26
word_1505.png,0,0,72,9,73,31,0,22
word_1506.png,0,0,85,12,85,36,0,24
word_1507.png,0,0,130,11,132,39,2,29
word_1508.png,0,0,97,9,96,34,0,25
word_1509.png,0,0,214,51,215,89,1,38
word_1510.png,2,0,197,49,195,89,0,40
word_1511.png,10,0,185,73,175,101,0,28
word_1512.png,9,0,75,30,67,59,0,29
word_1513.png,9,0,66,25,57,49,0,24
word_1514.png,0,9,63,0,65,10,2,20
word_1515.png,0,7,61,0,63,14,1,21
word_1516.png,0,12,141,0,143,44,2,56
word_1517.png,0,5,50,0,51,12,0,17
word_1518.png,0,14,147,0,149,22,2,37
word_1519.png,0,4,84,0,85,17,1,21
word_1520.png,0,23,80,0,81,20,1,42
word_1521.png,0,0,64,2,64,28,0,26
word_1522.png,0,36,127,0,146,37,19,73
word_1523.png,0,35,125,0,130,35,5,70
word_1524.png,0,0,160,6,160,35,2,28
word_1525.png,6,0,109,7,102,35,0,28
word_1526.png,6,0,96,14,90,42,0,28
word_1527.png,6,0,114,17,108,46,0,29
word_1528.png,4,0,104,7,99,28,0,21
word_1529.png,3,0,39,1,35,23,0,22
word_1530.png,0,0,63,1,62,17,0,16
word_1531.png,1,0,53,0,51,15,0,15
word_1532.png,0,0,24,0,24,28,0,28
word_1533.png,2,0,33,4,30,21,0,17
word_1534.png,3,0,46,6,43,26,0,19
word_1535.png,2,0,62,4,60,30,0,26
word_1536.png,7,0,161,20,154,61,0,41
word_1537.png,5,27,76,0,71,45,0,73
word_1538.png,5,34,98,0,93,57,0,92
word_1539.png,0,19,82,0,84,30,2,49
word_1540.png,0,11,23,0,26,13,3,24
word_1541.png,0,12,34,0,38,20,4,32
word_1542.png,0,27,70,0,73,33,3,60
word_1543.png,0,9,32,0,34,22,2,31
word_1544.png,0,10,39,0,43,20,4,30
word_1545.png,1,0,74,1,73,20,0,19
word_1546.png,1,0,86,10,85,37,0,27
word_1547.png,1,0,71,18,70,37,0,20
word_1548.png,5,0,73,17,68,34,0,17
word_1549.png,1,0,29,11,28,31,0,21
word_1550.png,5,0,65,23,60,43,0,21
word_1551.png,4,0,67,27,64,48,0,21
word_1552.png,0,0,30,0,30,25,0,26
word_1553.png,0,12,177,0,185,63,8,75
word_1554.png,0,0,49,0,51,36,2,35
word_1555.png,0,9,43,0,47,18,4,27
word_1556.png,0,11,45,0,48,19,4,30
word_1557.png,0,9,54,0,57,16,4,25
word_1558.png,0,11,58,0,62,16,3,27
word_1559.png,0,3,16,0,32,71,16,74
word_1560.png,0,0,127,2,130,31,3,29
word_1561.png,0,14,58,0,61,13,2,28
word_1562.png,0,9,30,0,33,13,2,22
word_1563.png,0,16,65,0,69,15,4,32
word_1564.png,1,14,122,0,127,21,0,37
word_1565.png,0,2,40,0,59,110,29,113
word_1566.png,0,16,67,0,69,9,4,27
word_1567.png,0,3,57,0,63,54,6,57
word_1568.png,0,8,93,0,97,50,5,58
word_1569.png,0,9,158,0,158,47,0,57
word_1570.png,0,53,122,0,129,41,7,94
word_1571.png,0,8,59,0,61,26,2,34
word_1572.png,0,12,101,0,101,23,0,35
word_1573.png,0,14,119,0,120,24,1,37
word_1574.png,0,7,59,0,61,16,2,23
word_1575.png,0,0,35,0,35,14,1,15
word_1576.png,0,24,118,0,119,14,1,38
word_1577.png,1,15,82,0,81,12,0,27
word_1578.png,0,15,59,0,61,15,2,31
word_1579.png,0,16,79,0,80,12,1,28
word_1580.png,0,11,60,0,61,15,2,27
word_1581.png,0,8,60,0,61,13,1,22
word_1582.png,0,21,94,0,97,23,3,44
word_1583.png,0,0,66,2,68,18,2,16
word_1584.png,0,0,61,2,61,14,0,13
word_1585.png,1,0,42,0,42,17,0,17
word_1586.png,0,0,35,0,35,16,0,16
word_1587.png,2,0,44,9,42,29,0,20
word_1588.png,0,20,141,0,148,38,7,58
word_1589.png,0,7,59,0,66,33,7,40
word_1590.png,5,0,50,6,45,28,0,21
word_1591.png,3,0,55,8,53,28,0,20
word_1592.png,3,0,142,14,139,49,0,36
word_1593.png,0,10,77,0,80,29,3,39
word_1594.png,0,5,36,0,37,26,1,32
word_1595.png,0,13,63,0,67,17,5,30
word_1596.png,0,14,66,0,69,16,4,31
word_1597.png,0,14,68,0,70,18,2,32
word_1598.png,0,15,75,0,78,17,1,30
word_1599.png,0,34,159,0,168,26,9,60
word_1600.png,1,5,53,0,52,30,0,35
word_1601.png,0,24,137,0,140,37,3,62
word_1602.png,0,5,99,0,101,18,5,39
word_1603.png,0,7,58,0,58,13,0,20
word_1604.png,0,3,27,0,28,13,1,16
word_1605.png,0,8,52,0,53,25,1,33
word_1606.png,0,20,200,0,203,31,3,51
word_1607.png,0,13,67,0,71,27,4,40
word_1608.png,0,17,77,0,82,30,5,47
word_1609.png,0,13,56,0,57,14,2,27
word_1610.png,0,14,69,0,70,21,1,35
word_1611.png,0,11,49,0,50,20,2,31
word_1612.png,1,53,234,0,237,90,0,127
word_1613.png,2,0,65,0,62,21,0,21
word_1614.png,1,0,121,12,121,49,0,37
word_1615.png,0,5,173,0,174,31,1,36
word_1616.png,0,0,171,3,172,41,1,38
word_1617.png,6,2,217,0,212,110,0,91
word_1618.png,0,0,98,22,90,78,0,52
word_1619.png,5,0,113,22,104,84,0,58
word_1620.png,11,0,59,17,56,51,0,29
word_1621.png,4,0,162,48,158,87,0,38
word_1622.png,0,1,139,0,138,31,0,32
word_1623.png,0,10,138,0,139,27,1,36
word_1624.png,0,1,70,0,70,17,0,19
word_1625.png,0,3,80,0,80,31,0,34
word_1626.png,3,0,121,4,118,40,0,36
word_1627.png,0,10,57,0,58,16,1,25
word_1628.png,13,0,104,4,91,61,0,56
word_1629.png,4,15,76,0,74,38,0,46
word_1630.png,2,5,37,0,35,40,0,45
word_1631.png,0,4,47,0,48,36,0,40
word_1632.png,1,6,44,0,43,42,0,45
word_1633.png,1,11,70,0,69,45,0,53
word_1634.png,0,6,25,0,27,26,2,32
word_1635.png,0,8,42,0,43,27,1,36
word_1636.png,0,22,100,0,101,29,1,51
word_1637.png,0,34,113,0,125,59,8,89
word_1638.png,0,0,126,0,133,31,9,61
word_1639.png,1,0,104,2,104,25,0,24
word_1640.png,0,0,102,4,103,39,1,35
word_1641.png,0,44,140,0,144,109,5,118
word_1642.png,0,23,50,0,56,19,7,42
word_1643.png,0,72,155,0,159,29,11,102
word_1644.png,0,3,63,0,63,22,1,24
word_1645.png,0,30,90,0,92,40,13,64
word_1646.png,0,2,24,0,25,11,1,13
word_1647.png,0,3,109,0,109,33,0,35
word_1648.png,3,1,112,0,109,24,0,25
word_1649.png,3,0,60,0,57,14,0,15
word_1650.png,0,1,50,0,50,14,0,15
word_1651.png,0,1,49,0,50,13,0,13
word_1652.png,0,0,22,0,23,14,1,14
word_1653.png,3,0,35,0,32,18,0,18
word_1654.png,0,31,106,0,118,40,12,71
word_1655.png,0,1,152,0,155,41,2,43
word_1656.png,0,0,76,0,76,27,0,26
word_1657.png,0,3,42,0,45,19,2,22
word_1658.png,0,5,39,0,39,22,0,26
word_1659.png,0,6,41,0,43,19,2,25
word_1660.png,0,6,43,0,44,32,1,38
word_1661.png,0,0,23,0,23,13,0,13
word_1662.png,0,0,144,4,144,37,0,33
word_1663.png,0,10,115,0,118,30,2,39
word_1664.png,0,6,78,0,79,18,0,23
word_1665.png,0,16,37,0,39,27,2,43
word_1666.png,1,6,25,0,25,24,0,34
word_1667.png,3,0,93,26,95,86,0,55
word_1668.png,1,35,116,0,116,39,0,74
word_1669.png,0,37,35,0,46,22,10,60
word_1670.png,0,14,39,0,113,2,1,46
word_1671.png,0,3,71,0,71,15,1,35
word_1672.png,1,0,49,0,48,19,0,18
word_1673.png,1,1,38,0,37,19,0,20
word_1674.png,1,1,59,0,59,19,0,19
word_1675.png,1,0,43,1,43,19,0,18
word_1676.png,3,0,114,29,111,49,0,21
word_1677.png,0,7,92,0,93,22,1,29
word_1678.png,0,127,247,0,247,135,0,262
word_1679.png,0,18,28,0,38,53,5,81
word_1680.png,0,29,71,0,91,36,15,68
word_1681.png,0,20,50,0,62,34,10,54
word_1682.png,0,0,63,2,64,26,1,24
word_1683.png,0,0,50,1,51,24,1,23
word_1684.png,0,7,61,0,64,25,2,32
word_1685.png,0,9,66,0,69,25,4,34
word_1686.png,0,2,40,0,43,25,3,27
word_1687.png,0,5,52,0,54,27,2,32
word_1688.png,0,4,80,0,81,23,1,26
word_1689.png,0,1,47,0,50,24,2,25
word_1690.png,0,0,50,0,53,25,3,25
word_1691.png,0,1,86,0,87,24,2,25
word_1692.png,0,0,50,0,50,24,0,23
word_1693.png,0,0,71,2,72,27,1,25
word_1694.png,0,0,89,7,90,31,1,24
word_1695.png,0,0,67,6,70,31,3,25
word_1696.png,0,0,53,6,55,31,2,25
word_1697.png,0,0,74,9,75,32,0,23
word_1698.png,0,0,52,7,53,32,1,25
word_1699.png,1,0,51,8,50,32,0,25
word_1700.png,1,0,69,13,68,34,0,21
word_1701.png,0,0,45,8,45,33,1,24
word_1702.png,0,33,80,0,81,14,1,47
word_1703.png,0,3,95,0,95,32,0,35
word_1704.png,0,2,100,0,103,62,3,63
word_1705.png,1,8,155,0,154,49,0,57
word_1706.png,0,3,111,0,111,15,0,19
word_1707.png,0,1,37,0,36,25,0,27
word_1708.png,0,1,44,0,44,13,0,14
word_1709.png,0,5,95,0,100,35,2,39
word_1710.png,0,4,189,0,189,39,0,44
word_1711.png,0,0,90,2,91,20,1,17
word_1712.png,1,0,44,9,43,25,0,15
word_1713.png,2,0,72,12,69,31,0,19
word_1714.png,2,0,65,7,63,27,0,21
word_1715.png,1,0,69,9,68,28,0,19
word_1716.png,0,23,59,0,65,25,6,48
word_1717.png,0,16,53,0,62,21,9,36
word_1718.png,0,1,115,0,116,29,1,30
word_1719.png,0,1,133,0,133,27,0,28
word_1720.png,0,2,53,0,54,22,0,24
word_1721.png,0,1,50,0,49,23,0,24
word_1722.png,0,1,24,0,24,21,0,22
word_1723.png,2,2,41,0,40,21,0,24
word_1724.png,0,4,56,0,57,22,1,26
word_1725.png,1,0,85,1,85,26,0,25
word_1726.png,2,1,83,0,81,27,0,24
word_1727.png,0,0,41,0,41,26,0,25
word_1728.png,0,5,62,0,65,20,3,25
word_1729.png,0,6,28,0,28,17,1,23
word_1730.png,3,0,100,10,97,43,0,33
word_1731.png,6,0,104,3,98,39,0,37
word_1732.png,1,0,91,0,89,34,0,34
word_1733.png,2,52,100,0,97,67,0,104
word_1734.png,0,32,61,0,64,42,4,69
word_1735.png,0,0,32,0,35,96,3,95
word_1736.png,0,0,157,11,158,47,2,37
word_1737.png,9,0,179,61,170,103,0,42
word_1738.png,1,3,25,0,24,13,0,16
word_1739.png,0,2,24,0,24,13,0,15
word_1740.png,0,0,72,37,75,82,3,45
word_1741.png,26,0,201,124,209,181,0,56
word_1742.png,0,1,46,0,47,20,2,21
word_1743.png,0,0,47,0,47,20,0,20
word_1744.png,0,43,124,0,125,55,1,93
word_1745.png,0,9,53,0,54,17,2,25
word_1746.png,0,5,32,0,34,15,1,21
word_1747.png,0,13,92,0,96,22,4,36
word_1748.png,0,0,61,16,62,48,0,36
word_1749.png,0,7,53,0,54,15,1,22
word_1750.png,0,8,59,0,61,14,2,22
word_1751.png,0,11,165,0,168,31,3,42
word_1752.png,0,10,86,0,87,37,1,48
word_1753.png,0,9,84,0,87,27,3,37
word_1754.png,0,6,66,0,68,24,2,30
word_1755.png,0,14,84,0,86,27,2,41
word_1756.png,0,6,282,0,284,69,2,75
word_1757.png,0,7,53,0,53,15,1,23
word_1758.png,0,7,55,0,55,12,0,19
word_1759.png,0,6,146,0,152,35,5,42
word_1760.png,0,9,301,0,307,53,5,62
word_1761.png,1,0,153,6,151,47,0,41
word_1762.png,0,3,36,0,37,15,1,18
word_1763.png,0,8,73,0,74,17,0,26
word_1764.png,2,0,85,2,81,50,0,48
word_1765.png,0,3,53,0,53,40,0,43
word_1766.png,0,1,56,0,56,26,0,27
word_1767.png,1,0,33,0,32,29,0,29
word_1768.png,1,0,34,0,34,19,0,19
word_1769.png,0,1,31,0,31,42,0,43
word_1770.png,1,1,39,0,38,45,0,46
word_1771.png,0,0,54,0,54,42,0,43
word_1772.png,0,0,36,0,36,43,1,42
word_1773.png,0,0,37,0,38,45,0,45
word_1774.png,1,0,26,0,25,13,0,13
word_1775.png,0,0,39,1,38,15,0,15
word_1776.png,0,0,84,3,84,29,0,26
word_1777.png,0,1,36,0,36,10,0,12
word_1778.png,0,5,74,0,74,23,0,29
word_1779.png,0,10,109,0,110,24,1,33
word_1780.png,1,0,68,1,67,24,0,22
word_1781.png,0,0,78,2,77,23,0,21
word_1782.png,2,5,105,0,103,29,0,34
word_1783.png,2,0,105,30,104,54,0,24
word_1784.png,6,0,73,17,67,38,0,21
word_1785.png,3,0,59,14,57,30,0,17
word_1786.png,9,0,89,25,79,47,0,22
word_1787.png,8,0,37,10,28,29,0,19
word_1788.png,4,28,172,0,169,46,0,74
word_1789.png,2,6,60,0,58,21,0,27
word_1790.png,2,8,58,0,56,21,0,29
word_1791.png,0,1,25,0,36,112,11,113
word_1792.png,0,0,83,5,84,22,1,16
word_1793.png,0,0,93,3,93,24,0,21
word_1794.png,0,0,40,4,40,32,0,27
word_1795.png,1,0,50,1,49,15,0,14
word_1796.png,2,0,51,12,49,30,0,17
word_1797.png,1,0,87,2,86,22,0,20
word_1798.png,1,0,34,1,33,16,0,16
word_1799.png,1,0,43,0,42,13,0,13
word_1800.png,1,0,43,3,42,15,0,12
word_1801.png,0,0,31,0,31,15,1,14
word_1802.png,1,0,112,3,111,18,0,15
word_1803.png,0,0,71,4,71,24,1,20
word_1804.png,0,0,68,2,69,22,1,19
word_1805.png,1,0,47,1,46,16,0,14
word_1806.png,0,12,135,0,136,47,2,59
word_1807.png,0,3,159,0,161,77,1,80
word_1808.png,3,0,84,2,81,30,0,28
word_1809.png,1,12,97,0,96,24,0,36
word_1810.png,8,0,79,2,72,29,0,27
word_1811.png,0,47,93,0,124,44,1,94
word_1812.png,9,0,72,3,63,34,0,32
word_1813.png,1,0,18,3,17,83,0,80
word_1814.png,2,0,282,17,281,125,0,108
word_1815.png,8,0,110,47,101,77,0,31
word_1816.png,1,0,142,10,141,49,0,38
word_1817.png,4,0,61,17,57,38,0,21
word_1818.png,7,0,88,27,81,62,0,36
word_1819.png,7,0,126,35,120,70,0,35
word_1820.png,8,0,145,42,137,77,0,36
word_1821.png,0,6,107,0,109,30,3,37
word_1822.png,0,4,101,0,101,32,0,36
word_1823.png,0,1,17,0,20,75,2,76
word_1824.png,0,0,44,0,44,17,0,17
word_1825.png,0,0,44,0,44,19,0,19
word_1826.png,0,0,93,2,95,21,3,19
word_1827.png,0,0,55,0,59,22,4,21
word_1828.png,0,12,90,0,93,27,2,39
word_1829.png,0,8,84,0,88,27,4,35
word_1830.png,0,5,56,0,56,12,1,18
word_1831.png,0,0,91,1,91,23,0,22
word_1832.png,0,0,71,3,71,23,0,20
word_1833.png,2,0,66,2,65,20,0,18
word_1834.png,3,0,101,2,98,23,0,21
word_1835.png,0,0,78,0,79,22,1,22
word_1836.png,2,0,51,0,48,23,0,23
word_1837.png,3,0,171,14,167,53,0,39
word_1838.png,0,0,91,26,91,44,0,18
word_1839.png,0,0,42,10,43,30,1,21
word_1840.png,0,0,60,11,60,30,0,19
word_1841.png,0,0,41,1,41,17,0,17
word_1842.png,0,0,28,1,29,17,1,17
word_1843.png,0,55,120,0,139,97,19,153
word_1844.png,0,22,62,0,88,58,0,59
word_1845.png,5,0,78,12,73,36,0,24
word_1846.png,5,0,109,5,105,43,0,37
word_1847.png,3,0,88,12,84,43,0,32
word_1848.png,2,0,36,2,35,20,0,18
word_1849.png,1,0,72,1,72,28,0,26
word_1850.png,0,0,73,1,75,32,1,31
word_1851.png,0,9,61,0,66,19,4,27
word_1852.png,0,1,79,0,79,23,1,23
word_1853.png,4,0,72,2,68,34,0,32
word_1854.png,2,0,84,1,82,44,0,43
word_1855.png,0,0,107,2,109,41,2,40
word_1856.png,26,0,183,148,171,188,0,60
word_1857.png,0,0,60,2,60,18,0,16
word_1858.png,0,0,31,1,31,15,0,15
word_1859.png,0,0,33,0,32,15,0,14
word_1860.png,2,0,70,5,68,23,0,18
word_1861.png,1,0,44,3,43,21,0,18
word_1862.png,1,3,92,0,90,33,0,36
word_1863.png,0,0,62,1,64,34,2,33
word_1864.png,1,0,37,0,37,11,0,11
word_1865.png,0,0,160,0,160,42,0,42
word_1866.png,0,1,84,0,84,26,0,27
word_1867.png,0,0,37,0,37,16,0,16
word_1868.png,1,0,39,2,38,20,0,19
word_1869.png,1,0,24,1,23,60,0,59
word_1870.png,8,0,52,2,44,112,0,110
word_1871.png,5,0,45,1,40,108,0,107
word_1872.png,1,0,62,6,61,25,0,19
word_1873.png,0,0,62,5,63,25,1,19
word_1874.png,0,0,31,1,31,19,0,18
word_1875.png,0,0,33,3,33,20,0,18
word_1876.png,0,0,65,2,64,18,0,16
word_1877.png,3,0,34,5,32,21,0,17
word_1878.png,4,0,22,8,18,38,0,30
word_1879.png,5,0,35,15,31,47,0,31
word_1880.png,3,0,42,20,38,55,0,35
word_1881.png,5,0,53,22,48,59,0,36
word_1882.png,7,0,70,28,64,75,0,41
word_1883.png,0,0,132,11,133,69,1,57
word_1884.png,0,9,44,0,47,26,3,34
word_1885.png,0,15,37,0,40,25,3,40
word_1886.png,0,5,82,0,83,24,1,29
word_1887.png,0,4,70,0,71,15,1,19
word_1888.png,0,5,42,0,44,18,2,22
word_1889.png,0,1,96,0,104,56,8,56
word_1890.png,0,1,40,0,43,23,3,24
word_1891.png,0,2,34,0,34,15,1,17
word_1892.png,0,12,249,0,251,63,2,75
word_1893.png,0,10,197,0,197,45,0,54
word_1894.png,0,7,142,0,146,47,4,53
word_1895.png,0,6,117,0,119,39,2,45
word_1896.png,0,0,134,11,140,56,15,53
word_1897.png,0,0,43,2,47,29,1,27
word_1898.png,0,3,42,0,45,30,3,33
word_1899.png,0,7,40,0,44,26,4,32
word_1900.png,0,11,224,0,229,45,5,56
word_1901.png,1,0,21,2,20,19,0,16
word_1902.png,0,51,60,0,63,94,3,132
word_1903.png,0,0,46,0,46,17,0,17
word_1904.png,2,0,39,0,38,17,0,17
word_1905.png,0,1,32,0,33,18,1,19
word_1906.png,0,45,53,0,58,110,7,142
word_1907.png,0,2,97,0,96,19,0,21
word_1908.png,1,2,32,0,31,26,0,28
word_1909.png,6,4,372,0,366,159,0,163
word_1910.png,0,0,87,1,87,40,0,38
word_1911.png,8,31,93,0,84,60,0,84
word_1912.png,4,0,43,10,39,35,0,25
word_1913.png,6,31,92,0,86,72,0,102
word_1914.png,0,0,51,1,51,29,0,28
word_1915.png,1,0,50,0,50,29,0,28
word_1916.png,0,1,77,0,78,18,0,19
word_1917.png,3,1,95,0,92,20,0,22
word_1918.png,1,0,105,10,104,31,0,21
word_1919.png,0,2,274,0,276,48,3,50
word_1920.png,0,0,34,0,34,12,0,11
word_1921.png,0,0,58,2,59,14,1,12
word_1922.png,2,0,53,12,51,41,0,28
word_1923.png,0,39,66,0,67,22,0,63
word_1924.png,0,23,77,0,78,23,1,45
word_1925.png,0,7,25,0,25,20,0,26
word_1926.png,0,0,72,9,74,32,2,22
word_1927.png,0,21,88,0,92,25,4,46
word_1928.png,0,25,103,0,107,28,5,53
word_1929.png,0,32,126,0,134,33,8,66
word_1930.png,0,15,81,0,85,24,4,39
word_1931.png,0,20,96,0,101,28,6,48
word_1932.png,0,1,62,0,65,29,3,29
word_1933.png,0,2,97,0,100,40,4,41
word_1934.png,0,3,45,0,49,20,3,23
word_1935.png,0,5,37,0,39,16,1,22
word_1936.png,0,0,44,11,44,32,0,21
word_1937.png,0,0,142,0,144,41,2,42
word_1938.png,0,94,118,0,152,66,9,153
word_1939.png,0,10,77,0,82,32,5,42
word_1940.png,0,27,46,0,55,16,9,43
word_1941.png,3,0,101,4,99,49,0,45
word_1942.png,0,10,56,0,63,35,8,45
word_1943.png,0,0,48,4,48,23,0,19
word_1944.png,0,0,26,2,26,23,0,21
word_1945.png,0,0,50,4,51,24,0,19
word_1946.png,1,0,81,2,80,33,0,32
word_1947.png,0,30,83,0,84,62,1,91
word_1948.png,9,0,172,25,163,84,0,58
word_1949.png,4,0,72,12,67,30,0,18
word_1950.png,2,0,125,14,123,41,0,26
word_1951.png,2,0,100,2,98,47,0,45
word_1952.png,0,0,62,0,62,27,0,27
word_1953.png,5,0,71,11,66,37,0,26
word_1954.png,22,0,260,47,238,164,0,117
word_1955.png,5,0,107,19,102,63,0,44
word_1956.png,0,0,44,1,43,15,0,15
word_1957.png,1,0,57,2,56,16,0,14
word_1958.png,1,0,51,1,50,13,0,12
word_1959.png,0,0,30,1,30,12,0,12
word_1960.png,0,0,34,0,34,12,0,12
word_1961.png,0,0,35,0,35,13,0,13
word_1962.png,0,0,40,0,40,13,0,12
word_1963.png,7,0,75,12,68,74,0,62
word_1964.png,2,0,178,13,177,34,0,22
word_1965.png,0,3,141,0,143,38,2,40
word_1966.png,0,33,79,0,82,24,3,56
word_1967.png,0,13,43,0,49,31,6,44
word_1968.png,0,17,75,0,79,39,4,56
word_1969.png,0,30,108,0,118,38,10,68
word_1970.png,0,16,116,0,121,43,5,58
word_1971.png,0,0,18,1,18,20,0,20
word_1972.png,0,0,36,0,35,33,0,33
word_1973.png,0,1,64,0,64,56,0,58
word_1974.png,0,6,88,0,90,33,1,40
word_1975.png,0,0,252,32,258,74,0,54
word_1976.png,0,0,103,15,106,55,1,45
word_1977.png,0,5,66,0,66,20,0,26
word_1978.png,0,5,86,0,86,18,1,23
word_1979.png,0,2,35,0,36,18,1,20
word_1980.png,0,2,126,0,126,27,0,29
word_1981.png,1,0,76,6,75,20,0,13
word_1982.png,1,0,48,4,47,15,0,11
word_1983.png,6,0,59,32,54,63,0,38
word_1984.png,10,0,258,37,248,84,0,47
word_1985.png,10,0,261,42,251,89,0,47
word_1986.png,1,0,31,4,29,16,0,12
word_1987.png,1,0,34,2,34,14,0,11
word_1988.png,1,0,41,4,40,16,0,13
word_1989.png,0,4,89,0,91,20,3,24
word_1990.png,0,27,52,0,62,22,9,49
word_1991.png,0,40,77,0,83,20,7,60
word_1992.png,0,3,37,0,37,23,0,26
word_1993.png,0,0,60,7,64,75,5,68
word_1994.png,0,13,32,0,37,21,5,34
word_1995.png,0,11,26,0,32,29,5,40
word_1996.png,0,33,85,0,91,34,6,68
word_1997.png,0,14,47,0,51,19,4,33
word_1998.png,0,1,37,0,37,15,0,15
word_1999.png,0,0,147,11,148,46,1,35
word_2000.png,0,0,169,11,172,48,2,37
word_2001.png,0,0,78,5,79,27,1,23
word_2002.png,0,0,85,2,85,21,0,19
word_2003.png,0,12,161,0,166,55,4,67
word_2004.png,0,10,82,0,83,19,1,29
word_2005.png,0,4,45,0,45,21,0,24
word_2006.png,2,0,45,6,43,24,0,18
word_2007.png,0,76,76,0,87,44,12,109
word_2008.png,0,6,36,0,37,21,2,26
word_2009.png,0,12,47,0,53,22,6,33
word_2010.png,0,19,92,0,97,25,5,44
word_2011.png,1,1,25,0,25,11,0,12
word_2012.png,1,2,88,0,88,16,0,18
word_2013.png,0,2,23,0,25,14,2,16
word_2014.png,0,0,76,5,77,28,1,23
word_2015.png,0,4,30,0,30,16,0,19
word_2016.png,0,3,34,0,36,18,2,21
word_2017.png,0,5,71,0,73,28,2,33
word_2018.png,0,2,28,0,29,15,1,17
word_2019.png,0,0,32,0,33,18,1,19
word_2020.png,1,5,46,0,45,15,0,20
word_2021.png,0,1,21,0,21,13,0,14
word_2022.png,0,4,50,0,51,12,1,16
word_2023.png,0,2,24,0,24,11,1,13
word_2024.png,0,2,31,0,32,13,2,15
word_2025.png,0,2,21,0,21,12,0,14
word_2026.png,0,3,58,0,58,13,1,16
word_2027.png,1,7,25,0,24,26,0,33
word_2028.png,0,7,36,0,37,28,1,35
word_2029.png,0,2,61,0,62,56,1,58
word_2030.png,0,0,30,2,30,30,0,28
word_2031.png,1,3,42,0,41,22,0,25
word_2032.png,1,0,126,0,125,30,0,30
word_2033.png,2,0,127,5,124,49,0,44
word_2034.png,0,0,206,5,207,54,1,49
word_2035.png,0,33,167,0,174,37,8,71
word_2036.png,0,27,119,0,126,36,7,63
word_2037.png,0,33,153,0,158,35,6,69
word_2038.png,0,8,54,0,56,25,2,33
word_2039.png,3,0,119,25,85,53,0,33
word_2040.png,0,0,25,0,25,10,0,10
word_2041.png,1,0,26,2,25,18,0,16
word_2042.png,0,22,107,0,108,69,1,90
word_2043.png,1,0,59,4,58,35,0,31
word_2044.png,0,0,38,7,38,38,1,30
word_2045.png,0,0,84,0,84,25,0,25
word_2046.png,2,0,170,30,167,71,0,41
word_2047.png,3,0,25,2,22,76,0,75
word_2048.png,0,0,34,1,34,13,0,13
word_2049.png,0,0,58,3,58,18,0,15
word_2050.png,0,0,216,20,227,86,10,76
word_2051.png,9,43,107,0,98,74,0,98
word_2052.png,7,30,84,0,77,57,0,77
word_2053.png,4,0,73,12,70,31,0,19
word_2054.png,0,0,95,9,97,31,3,22
word_2055.png,0,2,236,0,238,46,2,48
word_2056.png,0,1,74,0,74,27,0,28
word_2057.png,1,1,60,0,59,28,0,29
word_2058.png,3,0,51,7,48,34,0,27
word_2059.png,1,0,49,2,48,25,0,24
word_2060.png,0,0,44,4,44,27,0,24
word_2061.png,2,0,61,5,59,21,0,16
word_2062.png,2,0,49,2,47,26,0,23
word_2063.png,1,0,77,10,76,38,0,28
word_2064.png,3,0,47,0,45,24,0,23
word_2065.png,1,0,49,5,47,32,0,27
word_2066.png,0,6,43,0,43,24,0,30
word_2067.png,0,6,44,0,45,24,1,30
word_2068.png,0,0,50,5,50,20,0,15
word_2069.png,0,0,35,0,35,12,0,11
word_2070.png,0,1,37,0,39,14,1,14
word_2071.png,0,1,35,0,35,15,0,16
word_2072.png,0,1,33,0,35,18,1,19
word_2073.png,0,3,68,0,68,19,0,22
word_2074.png,1,2,62,0,62,18,0,21
word_2075.png,0,2,75,0,75,19,1,21
word_2076.png,0,0,37,0,38,19,1,20
word_2077.png,0,0,25,0,25,13,0,13
word_2078.png,4,0,58,4,55,42,0,38
word_2079.png,0,1,43,0,43,22,0,23
word_2080.png,0,0,38,0,38,23,0,23
word_2081.png,3,0,76,0,73,34,0,34
word_2082.png,0,0,29,0,29,14,0,14
word_2083.png,3,2,141,0,138,34,0,36
word_2084.png,0,0,26,0,27,14,0,14
word_2085.png,0,0,29,0,29,14,0,14
word_2086.png,0,1,27,0,27,14,0,14
word_2087.png,0,1,26,0,26,16,0,17
word_2088.png,0,31,83,0,85,31,2,62
word_2089.png,0,2,35,0,35,21,1,23
word_2090.png,0,3,42,0,43,23,1,26
word_2091.png,0,1,44,0,43,21,0,22
word_2092.png,0,1,37,0,37,18,1,20
word_2093.png,0,2,44,0,45,20,1,21
word_2094.png,3,0,120,15,116,85,0,70
word_2095.png,2,5,78,0,76,41,0,45
word_2096.png,1,0,135,14,134,86,0,72
word_2097.png,2,0,95,2,93,48,0,46
word_2098.png,0,0,53,4,53,36,0,33
word_2099.png,0,0,32,3,32,28,0,25
word_2100.png,0,0,87,6,87,37,0,32
word_2101.png,0,34,194,0,202,42,8,76
word_2102.png,14,0,101,49,88,96,0,47
word_2103.png,2,0,27,2,25,17,0,14
word_2104.png,1,0,96,3,94,30,0,27
word_2105.png,0,15,157,0,160,34,4,49
word_2106.png,0,11,122,0,122,29,0,41
word_2107.png,0,6,52,0,55,26,2,32
word_2108.png,0,0,47,0,48,23,1,23
word_2109.png,0,9,71,0,76,42,4,50
word_2110.png,2,0,80,3,78,31,0,27
word_2111.png,0,0,41,1,42,19,1,18
word_2112.png,0,3,60,0,62,19,2,22
word_2113.png,0,0,47,1,48,14,1,12
word_2114.png,0,35,50,0,54,37,5,72
word_2115.png,0,2,155,0,155,49,0,51
word_2116.png,0,0,204,14,204,59,0,44
word_2117.png,2,0,200,10,198,65,0,55
word_2118.png,0,29,105,0,110,39,4,68
word_2119.png,2,0,73,1,71,25,0,24
word_2120.png,5,0,73,0,68,16,0,16
word_2121.png,3,0,55,0,52,30,0,30
word_2122.png,2,2,44,0,42,28,0,30
word_2123.png,2,0,96,0,94,25,0,25
word_2124.png,0,23,83,0,88,34,4,56
word_2125.png,0,45,107,0,116,33,9,78
word_2126.png,2,0,50,5,49,16,0,11
word_2127.png,0,0,62,6,63,19,1,12
word_2128.png,1,3,62,0,61,15,0,19
word_2129.png,0,2,36,0,36,18,0,20
word_2130.png,0,1,46,0,46,20,0,21
word_2131.png,0,6,93,0,93,19,0,24
word_2132.png,1,0,56,0,55,16,0,16
word_2133.png,0,4,94,0,93,19,0,24
word_2134.png,0,6,32,0,33,14,1,19
word_2135.png,0,4,30,0,31,13,1,17
word_2136.png,0,13,93,0,95,29,2,42
word_2137.png,0,20,99,0,102,32,3,52
word_2138.png,1,0,65,12,64,42,0,30
word_2139.png,0,4,51,0,52,18,1,22
word_2140.png,0,12,57,0,60,18,6,34
word_2141.png,0,22,65,0,71,17,5,40
word_2142.png,0,2,30,0,30,12,0,14
word_2143.png,0,0,20,2,32,110,12,107
word_2144.png,0,42,127,0,134,25,8,67
word_2145.png,0,12,65,0,73,30,8,42
word_2146.png,0,29,100,0,107,32,7,61
word_2147.png,0,11,108,0,110,33,3,44
word_2148.png,0,30,122,0,125,24,3,54
word_2149.png,0,9,37,0,45,29,9,38
word_2150.png,0,23,71,0,76,21,5,44
word_2151.png,0,15,56,0,63,24,6,38
word_2152.png,0,22,53,0,60,19,7,41
word_2153.png,0,23,57,0,63,19,5,42
word_2154.png,0,18,61,0,62,20,1,38
word_2155.png,0,35,48,0,56,15,7,49
word_2156.png,0,23,49,0,53,14,4,37
word_2157.png,0,23,46,0,51,18,6,41
word_2158.png,0,11,45,0,48,16,3,28
word_2159.png,0,13,116,0,117,28,1,41
word_2160.png,0,14,126,0,127,25,1,40
word_2161.png,0,21,147,0,150,30,2,51
word_2162.png,0,25,166,0,170,29,5,53
word_2163.png,0,15,98,0,101,20,4,35
word_2164.png,0,15,92,0,93,16,1,30
word_2165.png,0,9,71,0,73,21,2,30
word_2166.png,0,11,87,0,87,22,0,33
word_2167.png,0,4,70,0,70,13,0,18
word_2168.png,0,3,74,0,74,17,0,20
word_2169.png,0,5,80,0,81,10,1,15
word_2170.png,6,0,61,3,56,32,0,29
word_2171.png,0,13,52,0,54,30,2,43
word_2172.png,0,17,39,0,41,18,2,35
word_2173.png,0,4,21,0,22,12,1,16
word_2174.png,0,6,83,0,83,34,0,41
word_2175.png,0,6,53,0,53,25,0,31
word_2176.png,0,10,122,0,123,29,1,39
word_2177.png,0,1,16,0,23,52,6,53
word_2178.png,0,10,54,0,54,19,0,29
word_2179.png,0,5,21,0,23,14,2,20
word_2180.png,0,2,42,0,46,16,4,19
word_2181.png,0,4,33,0,35,16,2,21
word_2182.png,0,8,52,0,52,20,0,28
word_2183.png,3,1,77,0,75,24,0,25
word_2184.png,4,0,38,5,34,26,0,21
word_2185.png,2,0,152,21,150,73,0,52
word_2186.png,1,0,74,0,73,27,0,27
word_2187.png,0,13,79,0,83,14,4,27
word_2188.png,0,6,63,0,63,11,1,18
word_2189.png,0,5,94,0,96,17,2,23
word_2190.png,0,5,71,0,72,17,1,21
word_2191.png,2,0,126,13,124,105,0,92
word_2192.png,19,0,227,41,209,169,0,128
word_2193.png,19,0,325,81,306,206,0,125
word_2194.png,0,16,153,0,150,41,1,54
word_2195.png,0,13,46,0,53,36,6,48
word_2196.png,0,12,42,0,45,28,3,40
word_2197.png,0,22,182,0,188,37,3,56
word_2198.png,3,76,134,0,145,93,0,117
word_2199.png,0,15,122,0,122,32,0,46
word_2200.png,3,0,128,30,126,84,0,54
word_2201.png,0,20,92,0,95,22,3,42
word_2202.png,0,11,52,0,56,21,3,32
word_2203.png,0,3,23,0,40,102,17,105
word_2204.png,0,21,70,0,76,29,6,50
word_2205.png,0,0,87,10,87,37,0,27
word_2206.png,0,25,61,0,77,44,16,70
word_2207.png,0,30,109,0,113,46,4,76
word_2208.png,3,9,93,0,90,48,0,57
word_2209.png,11,31,187,0,193,110,0,105
word_2210.png,6,0,168,79,162,117,0,39
word_2211.png,2,0,93,12,91,49,0,37
word_2212.png,2,0,24,10,22,22,0,12
word_2213.png,0,43,76,0,93,26,16,69
word_2214.png,0,30,152,0,160,77,7,107
word_2215.png,6,0,115,19,109,48,0,29
word_2216.png,5,0,99,26,94,55,0,29
word_2217.png,6,0,125,43,118,74,0,31
word_2218.png,3,0,130,17,127,45,0,28
word_2219.png,5,0,116,38,111,67,0,29
word_2220.png,2,0,103,6,101,35,0,29
word_2221.png,4,4,56,0,52,23,0,26
word_2222.png,0,0,43,0,43,25,0,25
word_2223.png,0,13,164,0,165,34,2,46
word_2224.png,0,0,120,6,122,49,2,44
word_2225.png,3,0,113,5,110,44,0,38
word_2226.png,0,4,92,0,92,27,0,32
word_2227.png,0,7,87,0,87,23,0,30
word_2228.png,0,17,124,0,129,22,5,40
word_2229.png,0,0,50,8,50,29,0,20
word_2230.png,0,0,49,11,49,45,0,34
word_2231.png,0,0,47,12,48,50,2,39
word_2232.png,0,5,94,0,98,60,4,65
word_2233.png,0,3,130,0,134,53,4,55
word_2234.png,0,0,175,0,184,57,9,57
word_2235.png,0,1,37,0,41,30,4,31
word_2236.png,0,2,22,0,25,26,2,29
word_2237.png,0,1,19,0,20,25,2,26
word_2238.png,1,2,91,0,95,53,0,58
word_2239.png,0,1,34,0,38,32,4,34
word_2240.png,0,8,75,0,84,39,9,46
word_2241.png,0,16,110,0,116,54,6,70
word_2242.png,0,5,110,0,117,52,7,57
word_2243.png,0,21,140,0,140,36,0,57
word_2244.png,0,15,82,0,90,40,9,55
word_2245.png,0,23,98,0,108,37,10,61
word_2246.png,0,7,58,0,60,35,3,42
word_2247.png,0,7,29,0,33,17,4,25
word_2248.png,0,65,65,0,80,20,15,84
word_2249.png,0,43,194,0,215,54,21,97
word_2250.png,0,24,116,0,135,60,19,84
word_2251.png,0,11,65,0,74,18,9,29
word_2252.png,0,27,112,0,121,31,9,59
word_2253.png,0,40,95,0,105,22,10,62
word_2254.png,0,11,56,0,63,14,6,25
word_2255.png,0,24,92,0,106,26,13,50
word_2256.png,0,36,83,0,96,16,14,52
word_2257.png,0,14,63,0,70,26,8,40
word_2258.png,0,14,44,0,63,37,19,50
word_2259.png,0,19,66,0,76,24,10,43
word_2260.png,0,10,42,0,59,28,18,38
word_2261.png,0,46,67,0,89,42,21,89
word_2262.png,0,52,70,0,88,42,18,93
word_2263.png,0,42,57,0,71,22,14,65
word_2264.png,0,27,41,0,62,32,21,60
word_2265.png,0,18,24,0,36,16,12,35
word_2266.png,0,54,43,0,57,18,14,72
word_2267.png,0,19,23,0,35,16,13,35
word_2268.png,0,42,50,0,61,18,11,61
word_2269.png,0,57,59,0,75,22,16,78
word_2270.png,0,24,66,0,83,39,16,63
word_2271.png,0,48,128,0,142,35,13,83
word_2272.png,0,65,30,0,51,36,21,101
word_2273.png,0,43,116,0,116,34,0,77
word_2274.png,0,21,49,0,58,38,1,56
word_2275.png,0,6,63,0,63,13,0,19
word_2276.png,0,5,45,0,49,15,4,20
word_2277.png,0,5,53,0,53,20,0,26
word_2278.png,0,9,55,0,55,26,0,36
word_2279.png,0,10,46,0,49,17,4,27
word_2280.png,0,0,60,0,62,20,2,20
word_2281.png,0,3,66,0,69,21,2,23
word_2282.png,0,2,50,0,50,13,0,15
word_2283.png,0,0,90,0,91,16,1,16
word_2284.png,0,8,54,0,55,15,2,23
word_2285.png,0,0,107,6,115,63,8,57
word_2286.png,0,0,44,1,44,21,0,20
word_2287.png,0,1,86,0,92,56,6,57
word_2288.png,0,19,74,0,78,76,4,95
word_2289.png,0,14,71,0,76,56,5,70
word_2290.png,0,20,48,0,51,22,2,42
word_2291.png,0,1,144,0,145,29,5,41
word_2292.png,15,0,212,59,197,100,0,41
word_2293.png,15,0,273,81,258,132,0,51
word_2294.png,14,0,119,32,105,67,0,35
word_2295.png,35,0,273,84,238,142,0,59
word_2296.png,38,0,405,131,368,207,0,76
word_2297.png,0,21,60,0,67,40,7,61
word_2298.png,0,14,80,0,89,50,9,64
word_2299.png,0,8,66,0,73,30,6,38
word_2300.png,0,13,51,0,55,31,4,45
word_2301.png,0,2,97,0,100,46,2,49
word_2302.png,0,18,76,0,85,33,3,33
word_2303.png,0,0,33,0,37,15,4,15
word_2304.png,0,3,53,0,53,15,0,18
word_2305.png,1,4,65,0,63,25,0,29
word_2306.png,0,3,64,0,66,25,3,28
word_2307.png,0,6,106,0,106,27,0,33
word_2308.png,0,0,36,3,36,24,0,21
word_2309.png,0,0,35,4,46,219,11,215
word_2310.png,0,1,12,0,14,101,1,102
word_2311.png,0,4,77,0,80,16,2,20
word_2312.png,0,5,88,0,90,18,3,23
word_2313.png,0,6,40,0,43,19,3,25
word_2314.png,0,16,92,0,93,19,1,35
word_2315.png,0,17,91,0,91,22,0,38
word_2316.png,0,7,29,0,31,24,2,30
word_2317.png,0,0,113,0,117,42,4,42
word_2318.png,0,4,30,0,35,27,5,31
word_2319.png,0,6,33,0,38,27,5,33
word_2320.png,0,7,31,0,36,22,5,30
word_2321.png,0,19,79,0,84,23,5,42
word_2322.png,0,6,95,0,96,19,1,25
word_2323.png,0,1,65,0,67,16,2,17
word_2324.png,0,20,126,0,130,36,3,56
word_2325.png,0,9,35,0,37,17,2,25
word_2326.png,0,2,20,0,20,14,0,16
word_2327.png,0,15,116,0,119,23,3,38
word_2328.png,0,7,72,0,77,22,5,28
word_2329.png,0,7,65,0,66,27,1,33
word_2330.png,0,9,51,0,57,21,6,30
word_2331.png,0,12,68,0,68,24,0,35
word_2332.png,0,20,169,0,172,24,3,44
word_2333.png,4,0,61,10,57,40,0,30
word_2334.png,4,0,109,21,105,52,0,31
word_2335.png,0,5,51,0,52,27,1,32
word_2336.png,10,0,117,21,107,62,0,41
word_2337.png,0,9,103,0,108,21,5,30
word_2338.png,0,64,157,0,168,46,12,110
word_2339.png,0,30,115,0,127,45,12,75
word_2340.png,0,8,35,0,39,24,3,31
word_2341.png,0,23,107,0,113,31,6,54
word_2342.png,0,21,61,0,65,19,4,40
word_2343.png,1,0,145,6,143,39,0,32
word_2344.png,2,0,145,6,142,35,0,29
word_2345.png,0,0,120,5,120,42,0,37
word_2346.png,0,0,61,5,62,25,1,20
word_2347.png,0,0,153,2,153,37,0,36
word_2348.png,1,0,42,0,41,17,0,17
word_2349.png,0,2,66,0,67,15,1,17
word_2350.png,0,5,31,0,34,17,3,22
word_2351.png,0,10,45,0,47,17,2,27
word_2352.png,0,10,62,0,64,20,3,30
word_2353.png,0,14,77,0,82,14,5,28
word_2354.png,0,8,37,0,39,18,2,26
word_2355.png,0,10,66,0,73,21,7,31
word_2356.png,0,10,43,0,43,17,0,26
word_2357.png,3,0,94,7,91,33,0,26
word_2358.png,3,0,60,5,58,30,0,25
word_2359.png,0,23,124,0,129,44,5,66
word_2360.png,0,5,40,0,43,19,3,24
word_2361.png,0,2,46,0,49,19,2,21
word_2362.png,0,3,24,0,27,17,4,21
word_2363.png,0,1,38,0,38,22,0,23
word_2364.png,0,14,82,0,90,38,7,51
word_2365.png,0,12,55,0,58,20,3,32
word_2366.png,1,12,76,0,75,24,0,35
word_2367.png,0,25,45,0,56,37,11,62
word_2368.png,0,5,39,0,40,12,1,17
word_2369.png,0,4,28,0,28,15,0,19
word_2370.png,0,6,37,0,40,15,2,21
word_2371.png,0,2,24,0,24,15,0,17
word_2372.png,0,15,92,0,95,16,3,32
word_2373.png,0,2,35,0,37,21,2,24
word_2374.png,0,1,25,0,25,28,1,26
word_2375.png,0,5,45,0,47,23,2,28
word_2376.png,0,1,46,0,46,9,0,10
word_2377.png,0,6,43,0,43,17,0,24
word_2378.png,0,2,21,0,21,14,0,15
word_2379.png,0,0,25,0,26,18,1,18
word_2380.png,0,3,24,0,24,20,0,23
word_2381.png,0,1,50,0,52,19,2,20
word_2382.png,1,4,41,0,40,19,0,23
word_2383.png,0,3,23,0,25,18,1,20
word_2384.png,0,3,57,0,61,15,4,18
word_2385.png,0,0,22,0,23,14,2,14
word_2386.png,0,13,70,0,72,15,2,28
word_2387.png,0,12,63,0,64,12,2,25
word_2388.png,0,6,34,0,37,16,3,22
word_2389.png,0,14,72,0,76,16,4,30
word_2390.png,0,15,39,0,40,19,2,34
word_2391.png,0,15,51,0,55,18,4,33
word_2392.png,0,23,62,0,65,22,2,44
word_2393.png,0,20,69,0,72,25,4,45
word_2394.png,0,23,62,0,70,30,9,53
word_2395.png,5,0,43,22,38,53,0,32
word_2396.png,15,0,170,92,155,144,0,53
word_2397.png,0,36,77,0,83,65,7,101
word_2398.png,0,16,32,0,37,40,5,56
word_2399.png,0,19,43,0,51,43,7,61
word_2400.png,0,33,80,0,87,51,7,85
word_2401.png,0,50,121,0,126,62,5,112
word_2402.png,0,0,38,1,38,27,0,26
word_2403.png,0,0,187,3,191,34,4,32
word_2404.png,1,0,98,4,97,39,0,35
word_2405.png,0,0,117,1,121,33,3,31
word_2406.png,3,0,122,1,119,33,0,31
word_2407.png,0,0,44,0,44,36,0,36
word_2408.png,1,0,96,1,95,35,0,33
word_2409.png,0,0,55,1,55,26,0,25
word_2410.png,1,0,106,4,105,30,0,26
word_2411.png,0,9,85,0,87,15,0,24
word_2412.png,1,0,65,8,63,49,0,41
word_2413.png,3,0,71,10,67,49,0,39
word_2414.png,1,0,51,10,50,46,0,36
word_2415.png,5,0,67,12,62,50,0,37
word_2416.png,3,0,53,9,50,47,0,38
word_2417.png,1,0,46,7,45,47,0,40
word_2418.png,3,0,39,10,36,34,0,24
word_2419.png,3,0,94,20,92,46,0,26
word_2420.png,0,8,63,0,63,23,0,30
word_2421.png,0,5,86,0,92,26,6,31
word_2422.png,0,5,46,0,46,12,0,17
word_2423.png,0,5,50,0,50,13,0,18
word_2424.png,0,6,107,0,108,15,1,21
word_2425.png,1,0,44,11,43,30,0,19
word_2426.png,0,0,45,13,45,33,0,20
word_2427.png,0,0,54,5,55,30,1,25
word_2428.png,0,0,48,6,50,26,3,20
word_2429.png,0,20,69,0,76,32,8,52
word_2430.png,0,43,143,0,157,44,13,87
word_2431.png,0,39,145,0,149,44,4,83
word_2432.png,0,44,127,0,136,31,9,75
word_2433.png,0,26,80,0,87,25,7,51


